[0.0, 3849, 3850]
[0.0, 4503, 4504]
[0.0, 5213, 5214]
[0.0, 6831, 8737]
[0.0, 6831, 9785]
[0.0, 6831, 10845]
[0.0, 6831, 11133]
[0.0, 6831, 11277]
[0.0, 6831, 11405]
[0.0, 6831, 11809]
[0.0, 6831, 11844]
[0.0, 6831, 12202]
[0.0, 6831, 12307]
[0.0, 6831, 12395]
[0.0, 6831, 13308]
[0.0, 6831, 13340]
[0.0, 6831, 13343]
[0.0, 6831, 13373]
[0.0, 6831, 13379]
[0.0, 6831, 13381]
[0.0, 6831, 13384]
[0.0, 6831, 13432]
[0.0, 6831, 13510]
[0.0, 6831, 13516]
[0.0, 6831, 13517]
[0.0, 6831, 13526]
[0.0, 6831, 13530]
[0.0, 6831, 13575]
[0.0, 6831, 13595]
[0.0, 6831, 13599]
[0.0, 6831, 13603]
[0.0, 6831, 13606]
[0.0, 6831, 13649]
[0.0, 6831, 13652]
[0.0, 6831, 13655]
[0.0, 6831, 13677]
[0.0, 6831, 13692]
[0.0, 6831, 13696]
[0.0, 6831, 13745]
[0.0, 6831, 13748]
[0.0, 6831, 13751]
[0.0, 6831, 13778]
[0.0, 6831, 13784]
[0.0, 6831, 13791]
[0.0, 6831, 13811]
[0.0, 6831, 13848]
[0.0, 6831, 13849]
[0.0, 6831, 13857]
[0.0, 6831, 13885]
[0.0, 6831, 13956]
[0.0, 6831, 13977]
[0.0, 6831, 13995]
[0.0, 6831, 14017]
[0.0, 6831, 14056]
[0.0, 6831, 14057]
[0.0, 6831, 14082]
[0.0, 6831, 14083]
[0.0, 6831, 14084]
[0.0, 6831, 14131]
[0.0, 6831, 14141]
[0.0, 6831, 14152]
[0.0, 6831, 14182]
[0.0, 6831, 14183]
[0.0, 6831, 14185]
[0.0, 6831, 14198]
[0.0, 6831, 14216]
[0.0, 6831, 14243]
[0.0, 6831, 14244]
[0.0, 6831, 14248]
[0.0, 6831, 14250]
[0.0, 6831, 14251]
[0.0, 6831, 14255]
[0.0, 6831, 14326]
[0.0, 6831, 14333]
[0.0, 6831, 14373]
[0.0, 6831, 14379]
[0.0, 6831, 14398]
[0.0, 6831, 14426]
[0.0, 6831, 14434]
[0.0, 6831, 14439]
[0.0, 6831, 14455]
[0.0, 6831, 14470]
[0.0, 6831, 14486]
[0.0, 6831, 14512]
[0.0, 6831, 14522]
[0.0, 6831, 14525]
[0.0, 6831, 14542]
[0.0, 6831, 14543]
[0.0, 6831, 14565]
[0.0, 6831, 14569]
[0.0, 6831, 14573]
[0.0, 6831, 14586]
[0.0, 6831, 14587]
[0.0, 6831, 14588]
[0.0, 6831, 14621]
[0.0, 6831, 14629]
[0.0, 6831, 14676]
[0.0, 6831, 14704]
[0.0, 6831, 14747]
[0.0, 6831, 14762]
[0.0, 6831, 14814]
[0.0, 6831, 14815]
[0.0, 6831, 14864]
[0.0, 6831, 14873]
[0.0, 6831, 14890]
[0.0, 6831, 14904]
[0.0, 6831, 14919]
[0.0, 6831, 14983]
[0.0, 6831, 14990]
[0.0, 6831, 14991]
[0.0, 6831, 14992]
[0.0, 6831, 14996]
[0.0, 6900, 6901]
[0.0, 7572, 7573]
[0.0, 7648, 7649]
[0.0, 7679, 7680]
[0.0, 8292, 8293]
[0.0, 8354, 8355]
[0.0, 8491, 8492]
[0.0, 8509, 8510]
[0.0, 8600, 8601]
[0.0, 8724, 8725]
[0.0, 8737, 9785]
[0.0, 8737, 10845]
[0.0, 8737, 11133]
[0.0, 8737, 11277]
[0.0, 8737, 11405]
[0.0, 8737, 11809]
[0.0, 8737, 11844]
[0.0, 8737, 12202]
[0.0, 8737, 12307]
[0.0, 8737, 12395]
[0.0, 8737, 13308]
[0.0, 8737, 13340]
[0.0, 8737, 13343]
[0.0, 8737, 13373]
[0.0, 8737, 13379]
[0.0, 8737, 13381]
[0.0, 8737, 13384]
[0.0, 8737, 13432]
[0.0, 8737, 13510]
[0.0, 8737, 13516]
[0.0, 8737, 13517]
[0.0, 8737, 13526]
[0.0, 8737, 13530]
[0.0, 8737, 13575]
[0.0, 8737, 13595]
[0.0, 8737, 13599]
[0.0, 8737, 13603]
[0.0, 8737, 13606]
[0.0, 8737, 13649]
[0.0, 8737, 13652]
[0.0, 8737, 13655]
[0.0, 8737, 13677]
[0.0, 8737, 13692]
[0.0, 8737, 13696]
[0.0, 8737, 13745]
[0.0, 8737, 13748]
[0.0, 8737, 13751]
[0.0, 8737, 13778]
[0.0, 8737, 13784]
[0.0, 8737, 13791]
[0.0, 8737, 13811]
[0.0, 8737, 13848]
[0.0, 8737, 13849]
[0.0, 8737, 13857]
[0.0, 8737, 13885]
[0.0, 8737, 13956]
[0.0, 8737, 13977]
[0.0, 8737, 13995]
[0.0, 8737, 14017]
[0.0, 8737, 14056]
[0.0, 8737, 14057]
[0.0, 8737, 14082]
[0.0, 8737, 14083]
[0.0, 8737, 14084]
[0.0, 8737, 14131]
[0.0, 8737, 14141]
[0.0, 8737, 14152]
[0.0, 8737, 14182]
[0.0, 8737, 14183]
[0.0, 8737, 14185]
[0.0, 8737, 14198]
[0.0, 8737, 14216]
[0.0, 8737, 14243]
[0.0, 8737, 14244]
[0.0, 8737, 14248]
[0.0, 8737, 14250]
[0.0, 8737, 14251]
[0.0, 8737, 14255]
[0.0, 8737, 14326]
[0.0, 8737, 14333]
[0.0, 8737, 14373]
[0.0, 8737, 14379]
[0.0, 8737, 14398]
[0.0, 8737, 14426]
[0.0, 8737, 14434]
[0.0, 8737, 14439]
[0.0, 8737, 14455]
[0.0, 8737, 14470]
[0.0, 8737, 14486]
[0.0, 8737, 14512]
[0.0, 8737, 14522]
[0.0, 8737, 14525]
[0.0, 8737, 14542]
[0.0, 8737, 14543]
[0.0, 8737, 14565]
[0.0, 8737, 14569]
[0.0, 8737, 14573]
[0.0, 8737, 14586]
[0.0, 8737, 14587]
[0.0, 8737, 14588]
[0.0, 8737, 14621]
[0.0, 8737, 14629]
[0.0, 8737, 14676]
[0.0, 8737, 14704]
[0.0, 8737, 14747]
[0.0, 8737, 14762]
[0.0, 8737, 14814]
[0.0, 8737, 14815]
[0.0, 8737, 14864]
[0.0, 8737, 14873]
[0.0, 8737, 14890]
[0.0, 8737, 14904]
[0.0, 8737, 14919]
[0.0, 8737, 14983]
[0.0, 8737, 14990]
[0.0, 8737, 14991]
[0.0, 8737, 14992]
[0.0, 8737, 14996]
[0.0, 8761, 8762]
[0.0, 8788, 8789]
[0.0, 8871, 8872]
[0.0, 8871, 8873]
[0.0, 8872, 8873]
[0.0, 9094, 9095]
[0.0, 9206, 9207]
[0.0, 9346, 9347]
[0.0, 9446, 9447]
[0.0, 9493, 9494]
[0.0, 9570, 9571]
[0.0, 9785, 10845]
[0.0, 9785, 11133]
[0.0, 9785, 11277]
[0.0, 9785, 11405]
[0.0, 9785, 11809]
[0.0, 9785, 11844]
[0.0, 9785, 12202]
[0.0, 9785, 12307]
[0.0, 9785, 12395]
[0.0, 9785, 13308]
[0.0, 9785, 13340]
[0.0, 9785, 13343]
[0.0, 9785, 13373]
[0.0, 9785, 13379]
[0.0, 9785, 13381]
[0.0, 9785, 13384]
[0.0, 9785, 13432]
[0.0, 9785, 13510]
[0.0, 9785, 13516]
[0.0, 9785, 13517]
[0.0, 9785, 13526]
[0.0, 9785, 13530]
[0.0, 9785, 13575]
[0.0, 9785, 13595]
[0.0, 9785, 13599]
[0.0, 9785, 13603]
[0.0, 9785, 13606]
[0.0, 9785, 13649]
[0.0, 9785, 13652]
[0.0, 9785, 13655]
[0.0, 9785, 13677]
[0.0, 9785, 13692]
[0.0, 9785, 13696]
[0.0, 9785, 13745]
[0.0, 9785, 13748]
[0.0, 9785, 13751]
[0.0, 9785, 13778]
[0.0, 9785, 13784]
[0.0, 9785, 13791]
[0.0, 9785, 13811]
[0.0, 9785, 13848]
[0.0, 9785, 13849]
[0.0, 9785, 13857]
[0.0, 9785, 13885]
[0.0, 9785, 13956]
[0.0, 9785, 13977]
[0.0, 9785, 13995]
[0.0, 9785, 14017]
[0.0, 9785, 14056]
[0.0, 9785, 14057]
[0.0, 9785, 14082]
[0.0, 9785, 14083]
[0.0, 9785, 14084]
[0.0, 9785, 14131]
[0.0, 9785, 14141]
[0.0, 9785, 14152]
[0.0, 9785, 14182]
[0.0, 9785, 14183]
[0.0, 9785, 14185]
[0.0, 9785, 14198]
[0.0, 9785, 14216]
[0.0, 9785, 14243]
[0.0, 9785, 14244]
[0.0, 9785, 14248]
[0.0, 9785, 14250]
[0.0, 9785, 14251]
[0.0, 9785, 14255]
[0.0, 9785, 14326]
[0.0, 9785, 14333]
[0.0, 9785, 14373]
[0.0, 9785, 14379]
[0.0, 9785, 14398]
[0.0, 9785, 14426]
[0.0, 9785, 14434]
[0.0, 9785, 14439]
[0.0, 9785, 14455]
[0.0, 9785, 14470]
[0.0, 9785, 14486]
[0.0, 9785, 14512]
[0.0, 9785, 14522]
[0.0, 9785, 14525]
[0.0, 9785, 14542]
[0.0, 9785, 14543]
[0.0, 9785, 14565]
[0.0, 9785, 14569]
[0.0, 9785, 14573]
[0.0, 9785, 14586]
[0.0, 9785, 14587]
[0.0, 9785, 14588]
[0.0, 9785, 14621]
[0.0, 9785, 14629]
[0.0, 9785, 14676]
[0.0, 9785, 14704]
[0.0, 9785, 14747]
[0.0, 9785, 14762]
[0.0, 9785, 14814]
[0.0, 9785, 14815]
[0.0, 9785, 14864]
[0.0, 9785, 14873]
[0.0, 9785, 14890]
[0.0, 9785, 14904]
[0.0, 9785, 14919]
[0.0, 9785, 14983]
[0.0, 9785, 14990]
[0.0, 9785, 14991]
[0.0, 9785, 14992]
[0.0, 9785, 14996]
[0.0, 9800, 9801]
[0.0, 9800, 9802]
[0.0, 9801, 9802]
[0.0, 9872, 9873]
[0.0, 10025, 10026]
[0.0, 10292, 10293]
[0.0, 10419, 10420]
[0.0, 10713, 10714]
[0.0, 10739, 10740]
[0.0, 10756, 10757]
[0.0, 10762, 10763]
[0.0, 10769, 10770]
[0.0, 10834, 10835]
[0.0, 10842, 10843]
[0.0, 10845, 11133]
[0.0, 10845, 11277]
[0.0, 10845, 11405]
[0.0, 10845, 11809]
[0.0, 10845, 11844]
[0.0, 10845, 12202]
[0.0, 10845, 12307]
[0.0, 10845, 12395]
[0.0, 10845, 13308]
[0.0, 10845, 13340]
[0.0, 10845, 13343]
[0.0, 10845, 13373]
[0.0, 10845, 13379]
[0.0, 10845, 13381]
[0.0, 10845, 13384]
[0.0, 10845, 13432]
[0.0, 10845, 13510]
[0.0, 10845, 13516]
[0.0, 10845, 13517]
[0.0, 10845, 13526]
[0.0, 10845, 13530]
[0.0, 10845, 13575]
[0.0, 10845, 13595]
[0.0, 10845, 13599]
[0.0, 10845, 13603]
[0.0, 10845, 13606]
[0.0, 10845, 13649]
[0.0, 10845, 13652]
[0.0, 10845, 13655]
[0.0, 10845, 13677]
[0.0, 10845, 13692]
[0.0, 10845, 13696]
[0.0, 10845, 13745]
[0.0, 10845, 13748]
[0.0, 10845, 13751]
[0.0, 10845, 13778]
[0.0, 10845, 13784]
[0.0, 10845, 13791]
[0.0, 10845, 13811]
[0.0, 10845, 13848]
[0.0, 10845, 13849]
[0.0, 10845, 13857]
[0.0, 10845, 13885]
[0.0, 10845, 13956]
[0.0, 10845, 13977]
[0.0, 10845, 13995]
[0.0, 10845, 14017]
[0.0, 10845, 14056]
[0.0, 10845, 14057]
[0.0, 10845, 14082]
[0.0, 10845, 14083]
[0.0, 10845, 14084]
[0.0, 10845, 14131]
[0.0, 10845, 14141]
[0.0, 10845, 14152]
[0.0, 10845, 14182]
[0.0, 10845, 14183]
[0.0, 10845, 14185]
[0.0, 10845, 14198]
[0.0, 10845, 14216]
[0.0, 10845, 14243]
[0.0, 10845, 14244]
[0.0, 10845, 14248]
[0.0, 10845, 14250]
[0.0, 10845, 14251]
[0.0, 10845, 14255]
[0.0, 10845, 14326]
[0.0, 10845, 14333]
[0.0, 10845, 14373]
[0.0, 10845, 14379]
[0.0, 10845, 14398]
[0.0, 10845, 14426]
[0.0, 10845, 14434]
[0.0, 10845, 14439]
[0.0, 10845, 14455]
[0.0, 10845, 14470]
[0.0, 10845, 14486]
[0.0, 10845, 14512]
[0.0, 10845, 14522]
[0.0, 10845, 14525]
[0.0, 10845, 14542]
[0.0, 10845, 14543]
[0.0, 10845, 14565]
[0.0, 10845, 14569]
[0.0, 10845, 14573]
[0.0, 10845, 14586]
[0.0, 10845, 14587]
[0.0, 10845, 14588]
[0.0, 10845, 14621]
[0.0, 10845, 14629]
[0.0, 10845, 14676]
[0.0, 10845, 14704]
[0.0, 10845, 14747]
[0.0, 10845, 14762]
[0.0, 10845, 14814]
[0.0, 10845, 14815]
[0.0, 10845, 14864]
[0.0, 10845, 14873]
[0.0, 10845, 14890]
[0.0, 10845, 14904]
[0.0, 10845, 14919]
[0.0, 10845, 14983]
[0.0, 10845, 14990]
[0.0, 10845, 14991]
[0.0, 10845, 14992]
[0.0, 10845, 14996]
[0.0, 10853, 10854]
[0.0, 10853, 10855]
[0.0, 10854, 10855]
[0.0, 10884, 10885]
[0.0, 10907, 10908]
[0.0, 10939, 10940]
[0.0, 10990, 10991]
[0.0, 10998, 10999]
[0.0, 11052, 11053]
[0.0, 11072, 11073]
[0.0, 11081, 11082]
[0.0, 11087, 11088]
[0.0, 11093, 11094]
[0.0, 11095, 11096]
[0.0, 11133, 11277]
[0.0, 11133, 11405]
[0.0, 11133, 11809]
[0.0, 11133, 11844]
[0.0, 11133, 12202]
[0.0, 11133, 12307]
[0.0, 11133, 12395]
[0.0, 11133, 13308]
[0.0, 11133, 13340]
[0.0, 11133, 13343]
[0.0, 11133, 13373]
[0.0, 11133, 13379]
[0.0, 11133, 13381]
[0.0, 11133, 13384]
[0.0, 11133, 13432]
[0.0, 11133, 13510]
[0.0, 11133, 13516]
[0.0, 11133, 13517]
[0.0, 11133, 13526]
[0.0, 11133, 13530]
[0.0, 11133, 13575]
[0.0, 11133, 13595]
[0.0, 11133, 13599]
[0.0, 11133, 13603]
[0.0, 11133, 13606]
[0.0, 11133, 13649]
[0.0, 11133, 13652]
[0.0, 11133, 13655]
[0.0, 11133, 13677]
[0.0, 11133, 13692]
[0.0, 11133, 13696]
[0.0, 11133, 13745]
[0.0, 11133, 13748]
[0.0, 11133, 13751]
[0.0, 11133, 13778]
[0.0, 11133, 13784]
[0.0, 11133, 13791]
[0.0, 11133, 13811]
[0.0, 11133, 13848]
[0.0, 11133, 13849]
[0.0, 11133, 13857]
[0.0, 11133, 13885]
[0.0, 11133, 13956]
[0.0, 11133, 13977]
[0.0, 11133, 13995]
[0.0, 11133, 14017]
[0.0, 11133, 14056]
[0.0, 11133, 14057]
[0.0, 11133, 14082]
[0.0, 11133, 14083]
[0.0, 11133, 14084]
[0.0, 11133, 14131]
[0.0, 11133, 14141]
[0.0, 11133, 14152]
[0.0, 11133, 14182]
[0.0, 11133, 14183]
[0.0, 11133, 14185]
[0.0, 11133, 14198]
[0.0, 11133, 14216]
[0.0, 11133, 14243]
[0.0, 11133, 14244]
[0.0, 11133, 14248]
[0.0, 11133, 14250]
[0.0, 11133, 14251]
[0.0, 11133, 14255]
[0.0, 11133, 14326]
[0.0, 11133, 14333]
[0.0, 11133, 14373]
[0.0, 11133, 14379]
[0.0, 11133, 14398]
[0.0, 11133, 14426]
[0.0, 11133, 14434]
[0.0, 11133, 14439]
[0.0, 11133, 14455]
[0.0, 11133, 14470]
[0.0, 11133, 14486]
[0.0, 11133, 14512]
[0.0, 11133, 14522]
[0.0, 11133, 14525]
[0.0, 11133, 14542]
[0.0, 11133, 14543]
[0.0, 11133, 14565]
[0.0, 11133, 14569]
[0.0, 11133, 14573]
[0.0, 11133, 14586]
[0.0, 11133, 14587]
[0.0, 11133, 14588]
[0.0, 11133, 14621]
[0.0, 11133, 14629]
[0.0, 11133, 14676]
[0.0, 11133, 14704]
[0.0, 11133, 14747]
[0.0, 11133, 14762]
[0.0, 11133, 14814]
[0.0, 11133, 14815]
[0.0, 11133, 14864]
[0.0, 11133, 14873]
[0.0, 11133, 14890]
[0.0, 11133, 14904]
[0.0, 11133, 14919]
[0.0, 11133, 14983]
[0.0, 11133, 14990]
[0.0, 11133, 14991]
[0.0, 11133, 14992]
[0.0, 11133, 14996]
[0.0, 11185, 11186]
[0.0, 11192, 11193]
[0.0, 11198, 11199]
[0.0, 11204, 11205]
[0.0, 11207, 11208]
[0.0, 11247, 11248]
[0.0, 11277, 11405]
[0.0, 11277, 11809]
[0.0, 11277, 11844]
[0.0, 11277, 12202]
[0.0, 11277, 12307]
[0.0, 11277, 12395]
[0.0, 11277, 13308]
[0.0, 11277, 13340]
[0.0, 11277, 13343]
[0.0, 11277, 13373]
[0.0, 11277, 13379]
[0.0, 11277, 13381]
[0.0, 11277, 13384]
[0.0, 11277, 13432]
[0.0, 11277, 13510]
[0.0, 11277, 13516]
[0.0, 11277, 13517]
[0.0, 11277, 13526]
[0.0, 11277, 13530]
[0.0, 11277, 13575]
[0.0, 11277, 13595]
[0.0, 11277, 13599]
[0.0, 11277, 13603]
[0.0, 11277, 13606]
[0.0, 11277, 13649]
[0.0, 11277, 13652]
[0.0, 11277, 13655]
[0.0, 11277, 13677]
[0.0, 11277, 13692]
[0.0, 11277, 13696]
[0.0, 11277, 13745]
[0.0, 11277, 13748]
[0.0, 11277, 13751]
[0.0, 11277, 13778]
[0.0, 11277, 13784]
[0.0, 11277, 13791]
[0.0, 11277, 13811]
[0.0, 11277, 13848]
[0.0, 11277, 13849]
[0.0, 11277, 13857]
[0.0, 11277, 13885]
[0.0, 11277, 13956]
[0.0, 11277, 13977]
[0.0, 11277, 13995]
[0.0, 11277, 14017]
[0.0, 11277, 14056]
[0.0, 11277, 14057]
[0.0, 11277, 14082]
[0.0, 11277, 14083]
[0.0, 11277, 14084]
[0.0, 11277, 14131]
[0.0, 11277, 14141]
[0.0, 11277, 14152]
[0.0, 11277, 14182]
[0.0, 11277, 14183]
[0.0, 11277, 14185]
[0.0, 11277, 14198]
[0.0, 11277, 14216]
[0.0, 11277, 14243]
[0.0, 11277, 14244]
[0.0, 11277, 14248]
[0.0, 11277, 14250]
[0.0, 11277, 14251]
[0.0, 11277, 14255]
[0.0, 11277, 14326]
[0.0, 11277, 14333]
[0.0, 11277, 14373]
[0.0, 11277, 14379]
[0.0, 11277, 14398]
[0.0, 11277, 14426]
[0.0, 11277, 14434]
[0.0, 11277, 14439]
[0.0, 11277, 14455]
[0.0, 11277, 14470]
[0.0, 11277, 14486]
[0.0, 11277, 14512]
[0.0, 11277, 14522]
[0.0, 11277, 14525]
[0.0, 11277, 14542]
[0.0, 11277, 14543]
[0.0, 11277, 14565]
[0.0, 11277, 14569]
[0.0, 11277, 14573]
[0.0, 11277, 14586]
[0.0, 11277, 14587]
[0.0, 11277, 14588]
[0.0, 11277, 14621]
[0.0, 11277, 14629]
[0.0, 11277, 14676]
[0.0, 11277, 14704]
[0.0, 11277, 14747]
[0.0, 11277, 14762]
[0.0, 11277, 14814]
[0.0, 11277, 14815]
[0.0, 11277, 14864]
[0.0, 11277, 14873]
[0.0, 11277, 14890]
[0.0, 11277, 14904]
[0.0, 11277, 14919]
[0.0, 11277, 14983]
[0.0, 11277, 14990]
[0.0, 11277, 14991]
[0.0, 11277, 14992]
[0.0, 11277, 14996]
[0.0, 11299, 11300]
[0.0, 11333, 11334]
[0.0, 11333, 11335]
[0.0, 11334, 11335]
[0.0, 11344, 11345]
[0.0, 11362, 11363]
[0.0, 11383, 11384]
[0.0, 11405, 11809]
[0.0, 11405, 11844]
[0.0, 11405, 12202]
[0.0, 11405, 12307]
[0.0, 11405, 12395]
[0.0, 11405, 13308]
[0.0, 11405, 13340]
[0.0, 11405, 13343]
[0.0, 11405, 13373]
[0.0, 11405, 13379]
[0.0, 11405, 13381]
[0.0, 11405, 13384]
[0.0, 11405, 13432]
[0.0, 11405, 13510]
[0.0, 11405, 13516]
[0.0, 11405, 13517]
[0.0, 11405, 13526]
[0.0, 11405, 13530]
[0.0, 11405, 13575]
[0.0, 11405, 13595]
[0.0, 11405, 13599]
[0.0, 11405, 13603]
[0.0, 11405, 13606]
[0.0, 11405, 13649]
[0.0, 11405, 13652]
[0.0, 11405, 13655]
[0.0, 11405, 13677]
[0.0, 11405, 13692]
[0.0, 11405, 13696]
[0.0, 11405, 13745]
[0.0, 11405, 13748]
[0.0, 11405, 13751]
[0.0, 11405, 13778]
[0.0, 11405, 13784]
[0.0, 11405, 13791]
[0.0, 11405, 13811]
[0.0, 11405, 13848]
[0.0, 11405, 13849]
[0.0, 11405, 13857]
[0.0, 11405, 13885]
[0.0, 11405, 13956]
[0.0, 11405, 13977]
[0.0, 11405, 13995]
[0.0, 11405, 14017]
[0.0, 11405, 14056]
[0.0, 11405, 14057]
[0.0, 11405, 14082]
[0.0, 11405, 14083]
[0.0, 11405, 14084]
[0.0, 11405, 14131]
[0.0, 11405, 14141]
[0.0, 11405, 14152]
[0.0, 11405, 14182]
[0.0, 11405, 14183]
[0.0, 11405, 14185]
[0.0, 11405, 14198]
[0.0, 11405, 14216]
[0.0, 11405, 14243]
[0.0, 11405, 14244]
[0.0, 11405, 14248]
[0.0, 11405, 14250]
[0.0, 11405, 14251]
[0.0, 11405, 14255]
[0.0, 11405, 14326]
[0.0, 11405, 14333]
[0.0, 11405, 14373]
[0.0, 11405, 14379]
[0.0, 11405, 14398]
[0.0, 11405, 14426]
[0.0, 11405, 14434]
[0.0, 11405, 14439]
[0.0, 11405, 14455]
[0.0, 11405, 14470]
[0.0, 11405, 14486]
[0.0, 11405, 14512]
[0.0, 11405, 14522]
[0.0, 11405, 14525]
[0.0, 11405, 14542]
[0.0, 11405, 14543]
[0.0, 11405, 14565]
[0.0, 11405, 14569]
[0.0, 11405, 14573]
[0.0, 11405, 14586]
[0.0, 11405, 14587]
[0.0, 11405, 14588]
[0.0, 11405, 14621]
[0.0, 11405, 14629]
[0.0, 11405, 14676]
[0.0, 11405, 14704]
[0.0, 11405, 14747]
[0.0, 11405, 14762]
[0.0, 11405, 14814]
[0.0, 11405, 14815]
[0.0, 11405, 14864]
[0.0, 11405, 14873]
[0.0, 11405, 14890]
[0.0, 11405, 14904]
[0.0, 11405, 14919]
[0.0, 11405, 14983]
[0.0, 11405, 14990]
[0.0, 11405, 14991]
[0.0, 11405, 14992]
[0.0, 11405, 14996]
[0.0, 11439, 11440]
[0.0, 11453, 11454]
[0.0, 11453, 11455]
[0.0, 11454, 11455]
[0.0, 11523, 11524]
[0.0, 11526, 11527]
[0.0, 11540, 11541]
[0.0, 11551, 11552]
[0.0, 11555, 11556]
[0.0, 11577, 11578]
[0.0, 11606, 11607]
[0.0, 11606, 11608]
[0.0, 11607, 11608]
[0.0, 11707, 11708]
[0.0, 11709, 11710]
[0.0, 11717, 11718]
[0.0, 11767, 11768]
[0.0, 11809, 11844]
[0.0, 11809, 12202]
[0.0, 11809, 12307]
[0.0, 11809, 12395]
[0.0, 11809, 13308]
[0.0, 11809, 13340]
[0.0, 11809, 13343]
[0.0, 11809, 13373]
[0.0, 11809, 13379]
[0.0, 11809, 13381]
[0.0, 11809, 13384]
[0.0, 11809, 13432]
[0.0, 11809, 13510]
[0.0, 11809, 13516]
[0.0, 11809, 13517]
[0.0, 11809, 13526]
[0.0, 11809, 13530]
[0.0, 11809, 13575]
[0.0, 11809, 13595]
[0.0, 11809, 13599]
[0.0, 11809, 13603]
[0.0, 11809, 13606]
[0.0, 11809, 13649]
[0.0, 11809, 13652]
[0.0, 11809, 13655]
[0.0, 11809, 13677]
[0.0, 11809, 13692]
[0.0, 11809, 13696]
[0.0, 11809, 13745]
[0.0, 11809, 13748]
[0.0, 11809, 13751]
[0.0, 11809, 13778]
[0.0, 11809, 13784]
[0.0, 11809, 13791]
[0.0, 11809, 13811]
[0.0, 11809, 13848]
[0.0, 11809, 13849]
[0.0, 11809, 13857]
[0.0, 11809, 13885]
[0.0, 11809, 13956]
[0.0, 11809, 13977]
[0.0, 11809, 13995]
[0.0, 11809, 14017]
[0.0, 11809, 14056]
[0.0, 11809, 14057]
[0.0, 11809, 14082]
[0.0, 11809, 14083]
[0.0, 11809, 14084]
[0.0, 11809, 14131]
[0.0, 11809, 14141]
[0.0, 11809, 14152]
[0.0, 11809, 14182]
[0.0, 11809, 14183]
[0.0, 11809, 14185]
[0.0, 11809, 14198]
[0.0, 11809, 14216]
[0.0, 11809, 14243]
[0.0, 11809, 14244]
[0.0, 11809, 14248]
[0.0, 11809, 14250]
[0.0, 11809, 14251]
[0.0, 11809, 14255]
[0.0, 11809, 14326]
[0.0, 11809, 14333]
[0.0, 11809, 14373]
[0.0, 11809, 14379]
[0.0, 11809, 14398]
[0.0, 11809, 14426]
[0.0, 11809, 14434]
[0.0, 11809, 14439]
[0.0, 11809, 14455]
[0.0, 11809, 14470]
[0.0, 11809, 14486]
[0.0, 11809, 14512]
[0.0, 11809, 14522]
[0.0, 11809, 14525]
[0.0, 11809, 14542]
[0.0, 11809, 14543]
[0.0, 11809, 14565]
[0.0, 11809, 14569]
[0.0, 11809, 14573]
[0.0, 11809, 14586]
[0.0, 11809, 14587]
[0.0, 11809, 14588]
[0.0, 11809, 14621]
[0.0, 11809, 14629]
[0.0, 11809, 14676]
[0.0, 11809, 14704]
[0.0, 11809, 14747]
[0.0, 11809, 14762]
[0.0, 11809, 14814]
[0.0, 11809, 14815]
[0.0, 11809, 14864]
[0.0, 11809, 14873]
[0.0, 11809, 14890]
[0.0, 11809, 14904]
[0.0, 11809, 14919]
[0.0, 11809, 14983]
[0.0, 11809, 14990]
[0.0, 11809, 14991]
[0.0, 11809, 14992]
[0.0, 11809, 14996]
[0.0, 11821, 11822]
[0.0, 11844, 12202]
[0.0, 11844, 12307]
[0.0, 11844, 12395]
[0.0, 11844, 13308]
[0.0, 11844, 13340]
[0.0, 11844, 13343]
[0.0, 11844, 13373]
[0.0, 11844, 13379]
[0.0, 11844, 13381]
[0.0, 11844, 13384]
[0.0, 11844, 13432]
[0.0, 11844, 13510]
[0.0, 11844, 13516]
[0.0, 11844, 13517]
[0.0, 11844, 13526]
[0.0, 11844, 13530]
[0.0, 11844, 13575]
[0.0, 11844, 13595]
[0.0, 11844, 13599]
[0.0, 11844, 13603]
[0.0, 11844, 13606]
[0.0, 11844, 13649]
[0.0, 11844, 13652]
[0.0, 11844, 13655]
[0.0, 11844, 13677]
[0.0, 11844, 13692]
[0.0, 11844, 13696]
[0.0, 11844, 13745]
[0.0, 11844, 13748]
[0.0, 11844, 13751]
[0.0, 11844, 13778]
[0.0, 11844, 13784]
[0.0, 11844, 13791]
[0.0, 11844, 13811]
[0.0, 11844, 13848]
[0.0, 11844, 13849]
[0.0, 11844, 13857]
[0.0, 11844, 13885]
[0.0, 11844, 13956]
[0.0, 11844, 13977]
[0.0, 11844, 13995]
[0.0, 11844, 14017]
[0.0, 11844, 14056]
[0.0, 11844, 14057]
[0.0, 11844, 14082]
[0.0, 11844, 14083]
[0.0, 11844, 14084]
[0.0, 11844, 14131]
[0.0, 11844, 14141]
[0.0, 11844, 14152]
[0.0, 11844, 14182]
[0.0, 11844, 14183]
[0.0, 11844, 14185]
[0.0, 11844, 14198]
[0.0, 11844, 14216]
[0.0, 11844, 14243]
[0.0, 11844, 14244]
[0.0, 11844, 14248]
[0.0, 11844, 14250]
[0.0, 11844, 14251]
[0.0, 11844, 14255]
[0.0, 11844, 14326]
[0.0, 11844, 14333]
[0.0, 11844, 14373]
[0.0, 11844, 14379]
[0.0, 11844, 14398]
[0.0, 11844, 14426]
[0.0, 11844, 14434]
[0.0, 11844, 14439]
[0.0, 11844, 14455]
[0.0, 11844, 14470]
[0.0, 11844, 14486]
[0.0, 11844, 14512]
[0.0, 11844, 14522]
[0.0, 11844, 14525]
[0.0, 11844, 14542]
[0.0, 11844, 14543]
[0.0, 11844, 14565]
[0.0, 11844, 14569]
[0.0, 11844, 14573]
[0.0, 11844, 14586]
[0.0, 11844, 14587]
[0.0, 11844, 14588]
[0.0, 11844, 14621]
[0.0, 11844, 14629]
[0.0, 11844, 14676]
[0.0, 11844, 14704]
[0.0, 11844, 14747]
[0.0, 11844, 14762]
[0.0, 11844, 14814]
[0.0, 11844, 14815]
[0.0, 11844, 14864]
[0.0, 11844, 14873]
[0.0, 11844, 14890]
[0.0, 11844, 14904]
[0.0, 11844, 14919]
[0.0, 11844, 14983]
[0.0, 11844, 14990]
[0.0, 11844, 14991]
[0.0, 11844, 14992]
[0.0, 11844, 14996]
[0.0, 11859, 11860]
[0.0, 11862, 11863]
[0.0, 11869, 11870]
[0.0, 11869, 11871]
[0.0, 11870, 11871]
[0.0, 11965, 11966]
[0.0, 11988, 11989]
[0.0, 12006, 14651]
[0.0, 12009, 12010]
[0.0, 12013, 12014]
[0.0, 12033, 12034]
[0.0, 12042, 12043]
[0.0, 12063, 12064]
[0.0, 12080, 12081]
[0.0, 12080, 12082]
[0.0, 12080, 12083]
[0.0, 12080, 12084]
[0.0, 12081, 12082]
[0.0, 12081, 12083]
[0.0, 12081, 12084]
[0.0, 12082, 12083]
[0.0, 12082, 12084]
[0.0, 12083, 12084]
[0.0, 12137, 12138]
[0.0, 12192, 12193]
[0.0, 12202, 12307]
[0.0, 12202, 12395]
[0.0, 12202, 13308]
[0.0, 12202, 13340]
[0.0, 12202, 13343]
[0.0, 12202, 13373]
[0.0, 12202, 13379]
[0.0, 12202, 13381]
[0.0, 12202, 13384]
[0.0, 12202, 13432]
[0.0, 12202, 13510]
[0.0, 12202, 13516]
[0.0, 12202, 13517]
[0.0, 12202, 13526]
[0.0, 12202, 13530]
[0.0, 12202, 13575]
[0.0, 12202, 13595]
[0.0, 12202, 13599]
[0.0, 12202, 13603]
[0.0, 12202, 13606]
[0.0, 12202, 13649]
[0.0, 12202, 13652]
[0.0, 12202, 13655]
[0.0, 12202, 13677]
[0.0, 12202, 13692]
[0.0, 12202, 13696]
[0.0, 12202, 13745]
[0.0, 12202, 13748]
[0.0, 12202, 13751]
[0.0, 12202, 13778]
[0.0, 12202, 13784]
[0.0, 12202, 13791]
[0.0, 12202, 13811]
[0.0, 12202, 13848]
[0.0, 12202, 13849]
[0.0, 12202, 13857]
[0.0, 12202, 13885]
[0.0, 12202, 13956]
[0.0, 12202, 13977]
[0.0, 12202, 13995]
[0.0, 12202, 14017]
[0.0, 12202, 14056]
[0.0, 12202, 14057]
[0.0, 12202, 14082]
[0.0, 12202, 14083]
[0.0, 12202, 14084]
[0.0, 12202, 14131]
[0.0, 12202, 14141]
[0.0, 12202, 14152]
[0.0, 12202, 14182]
[0.0, 12202, 14183]
[0.0, 12202, 14185]
[0.0, 12202, 14198]
[0.0, 12202, 14216]
[0.0, 12202, 14243]
[0.0, 12202, 14244]
[0.0, 12202, 14248]
[0.0, 12202, 14250]
[0.0, 12202, 14251]
[0.0, 12202, 14255]
[0.0, 12202, 14326]
[0.0, 12202, 14333]
[0.0, 12202, 14373]
[0.0, 12202, 14379]
[0.0, 12202, 14398]
[0.0, 12202, 14426]
[0.0, 12202, 14434]
[0.0, 12202, 14439]
[0.0, 12202, 14455]
[0.0, 12202, 14470]
[0.0, 12202, 14486]
[0.0, 12202, 14512]
[0.0, 12202, 14522]
[0.0, 12202, 14525]
[0.0, 12202, 14542]
[0.0, 12202, 14543]
[0.0, 12202, 14565]
[0.0, 12202, 14569]
[0.0, 12202, 14573]
[0.0, 12202, 14586]
[0.0, 12202, 14587]
[0.0, 12202, 14588]
[0.0, 12202, 14621]
[0.0, 12202, 14629]
[0.0, 12202, 14676]
[0.0, 12202, 14704]
[0.0, 12202, 14747]
[0.0, 12202, 14762]
[0.0, 12202, 14814]
[0.0, 12202, 14815]
[0.0, 12202, 14864]
[0.0, 12202, 14873]
[0.0, 12202, 14890]
[0.0, 12202, 14904]
[0.0, 12202, 14919]
[0.0, 12202, 14983]
[0.0, 12202, 14990]
[0.0, 12202, 14991]
[0.0, 12202, 14992]
[0.0, 12202, 14996]
[0.0, 12301, 12302]
[0.0, 12307, 12395]
[0.0, 12307, 13308]
[0.0, 12307, 13340]
[0.0, 12307, 13343]
[0.0, 12307, 13373]
[0.0, 12307, 13379]
[0.0, 12307, 13381]
[0.0, 12307, 13384]
[0.0, 12307, 13432]
[0.0, 12307, 13510]
[0.0, 12307, 13516]
[0.0, 12307, 13517]
[0.0, 12307, 13526]
[0.0, 12307, 13530]
[0.0, 12307, 13575]
[0.0, 12307, 13595]
[0.0, 12307, 13599]
[0.0, 12307, 13603]
[0.0, 12307, 13606]
[0.0, 12307, 13649]
[0.0, 12307, 13652]
[0.0, 12307, 13655]
[0.0, 12307, 13677]
[0.0, 12307, 13692]
[0.0, 12307, 13696]
[0.0, 12307, 13745]
[0.0, 12307, 13748]
[0.0, 12307, 13751]
[0.0, 12307, 13778]
[0.0, 12307, 13784]
[0.0, 12307, 13791]
[0.0, 12307, 13811]
[0.0, 12307, 13848]
[0.0, 12307, 13849]
[0.0, 12307, 13857]
[0.0, 12307, 13885]
[0.0, 12307, 13956]
[0.0, 12307, 13977]
[0.0, 12307, 13995]
[0.0, 12307, 14017]
[0.0, 12307, 14056]
[0.0, 12307, 14057]
[0.0, 12307, 14082]
[0.0, 12307, 14083]
[0.0, 12307, 14084]
[0.0, 12307, 14131]
[0.0, 12307, 14141]
[0.0, 12307, 14152]
[0.0, 12307, 14182]
[0.0, 12307, 14183]
[0.0, 12307, 14185]
[0.0, 12307, 14198]
[0.0, 12307, 14216]
[0.0, 12307, 14243]
[0.0, 12307, 14244]
[0.0, 12307, 14248]
[0.0, 12307, 14250]
[0.0, 12307, 14251]
[0.0, 12307, 14255]
[0.0, 12307, 14326]
[0.0, 12307, 14333]
[0.0, 12307, 14373]
[0.0, 12307, 14379]
[0.0, 12307, 14398]
[0.0, 12307, 14426]
[0.0, 12307, 14434]
[0.0, 12307, 14439]
[0.0, 12307, 14455]
[0.0, 12307, 14470]
[0.0, 12307, 14486]
[0.0, 12307, 14512]
[0.0, 12307, 14522]
[0.0, 12307, 14525]
[0.0, 12307, 14542]
[0.0, 12307, 14543]
[0.0, 12307, 14565]
[0.0, 12307, 14569]
[0.0, 12307, 14573]
[0.0, 12307, 14586]
[0.0, 12307, 14587]
[0.0, 12307, 14588]
[0.0, 12307, 14621]
[0.0, 12307, 14629]
[0.0, 12307, 14676]
[0.0, 12307, 14704]
[0.0, 12307, 14747]
[0.0, 12307, 14762]
[0.0, 12307, 14814]
[0.0, 12307, 14815]
[0.0, 12307, 14864]
[0.0, 12307, 14873]
[0.0, 12307, 14890]
[0.0, 12307, 14904]
[0.0, 12307, 14919]
[0.0, 12307, 14983]
[0.0, 12307, 14990]
[0.0, 12307, 14991]
[0.0, 12307, 14992]
[0.0, 12307, 14996]
[0.0, 12316, 12317]
[0.0, 12325, 12326]
[0.0, 12355, 12356]
[0.0, 12368, 12369]
[0.0, 12395, 13308]
[0.0, 12395, 13340]
[0.0, 12395, 13343]
[0.0, 12395, 13373]
[0.0, 12395, 13379]
[0.0, 12395, 13381]
[0.0, 12395, 13384]
[0.0, 12395, 13432]
[0.0, 12395, 13510]
[0.0, 12395, 13516]
[0.0, 12395, 13517]
[0.0, 12395, 13526]
[0.0, 12395, 13530]
[0.0, 12395, 13575]
[0.0, 12395, 13595]
[0.0, 12395, 13599]
[0.0, 12395, 13603]
[0.0, 12395, 13606]
[0.0, 12395, 13649]
[0.0, 12395, 13652]
[0.0, 12395, 13655]
[0.0, 12395, 13677]
[0.0, 12395, 13692]
[0.0, 12395, 13696]
[0.0, 12395, 13745]
[0.0, 12395, 13748]
[0.0, 12395, 13751]
[0.0, 12395, 13778]
[0.0, 12395, 13784]
[0.0, 12395, 13791]
[0.0, 12395, 13811]
[0.0, 12395, 13848]
[0.0, 12395, 13849]
[0.0, 12395, 13857]
[0.0, 12395, 13885]
[0.0, 12395, 13956]
[0.0, 12395, 13977]
[0.0, 12395, 13995]
[0.0, 12395, 14017]
[0.0, 12395, 14056]
[0.0, 12395, 14057]
[0.0, 12395, 14082]
[0.0, 12395, 14083]
[0.0, 12395, 14084]
[0.0, 12395, 14131]
[0.0, 12395, 14141]
[0.0, 12395, 14152]
[0.0, 12395, 14182]
[0.0, 12395, 14183]
[0.0, 12395, 14185]
[0.0, 12395, 14198]
[0.0, 12395, 14216]
[0.0, 12395, 14243]
[0.0, 12395, 14244]
[0.0, 12395, 14248]
[0.0, 12395, 14250]
[0.0, 12395, 14251]
[0.0, 12395, 14255]
[0.0, 12395, 14326]
[0.0, 12395, 14333]
[0.0, 12395, 14373]
[0.0, 12395, 14379]
[0.0, 12395, 14398]
[0.0, 12395, 14426]
[0.0, 12395, 14434]
[0.0, 12395, 14439]
[0.0, 12395, 14455]
[0.0, 12395, 14470]
[0.0, 12395, 14486]
[0.0, 12395, 14512]
[0.0, 12395, 14522]
[0.0, 12395, 14525]
[0.0, 12395, 14542]
[0.0, 12395, 14543]
[0.0, 12395, 14565]
[0.0, 12395, 14569]
[0.0, 12395, 14573]
[0.0, 12395, 14586]
[0.0, 12395, 14587]
[0.0, 12395, 14588]
[0.0, 12395, 14621]
[0.0, 12395, 14629]
[0.0, 12395, 14676]
[0.0, 12395, 14704]
[0.0, 12395, 14747]
[0.0, 12395, 14762]
[0.0, 12395, 14814]
[0.0, 12395, 14815]
[0.0, 12395, 14864]
[0.0, 12395, 14873]
[0.0, 12395, 14890]
[0.0, 12395, 14904]
[0.0, 12395, 14919]
[0.0, 12395, 14983]
[0.0, 12395, 14990]
[0.0, 12395, 14991]
[0.0, 12395, 14992]
[0.0, 12395, 14996]
[0.0, 12416, 12417]
[0.0, 12457, 12458]
[0.0, 12584, 12585]
[0.0, 12719, 12720]
[0.0, 12733, 12734]
[0.0, 12800, 12801]
[0.0, 12856, 12857]
[0.0, 12901, 12902]
[0.0, 13200, 13201]
[0.0, 13274, 13275]
[0.0, 13302, 13303]
[0.0, 13308, 13340]
[0.0, 13308, 13343]
[0.0, 13308, 13373]
[0.0, 13308, 13379]
[0.0, 13308, 13381]
[0.0, 13308, 13384]
[0.0, 13308, 13432]
[0.0, 13308, 13510]
[0.0, 13308, 13516]
[0.0, 13308, 13517]
[0.0, 13308, 13526]
[0.0, 13308, 13530]
[0.0, 13308, 13575]
[0.0, 13308, 13595]
[0.0, 13308, 13599]
[0.0, 13308, 13603]
[0.0, 13308, 13606]
[0.0, 13308, 13649]
[0.0, 13308, 13652]
[0.0, 13308, 13655]
[0.0, 13308, 13677]
[0.0, 13308, 13692]
[0.0, 13308, 13696]
[0.0, 13308, 13745]
[0.0, 13308, 13748]
[0.0, 13308, 13751]
[0.0, 13308, 13778]
[0.0, 13308, 13784]
[0.0, 13308, 13791]
[0.0, 13308, 13811]
[0.0, 13308, 13848]
[0.0, 13308, 13849]
[0.0, 13308, 13857]
[0.0, 13308, 13885]
[0.0, 13308, 13956]
[0.0, 13308, 13977]
[0.0, 13308, 13995]
[0.0, 13308, 14017]
[0.0, 13308, 14056]
[0.0, 13308, 14057]
[0.0, 13308, 14082]
[0.0, 13308, 14083]
[0.0, 13308, 14084]
[0.0, 13308, 14131]
[0.0, 13308, 14141]
[0.0, 13308, 14152]
[0.0, 13308, 14182]
[0.0, 13308, 14183]
[0.0, 13308, 14185]
[0.0, 13308, 14198]
[0.0, 13308, 14216]
[0.0, 13308, 14243]
[0.0, 13308, 14244]
[0.0, 13308, 14248]
[0.0, 13308, 14250]
[0.0, 13308, 14251]
[0.0, 13308, 14255]
[0.0, 13308, 14326]
[0.0, 13308, 14333]
[0.0, 13308, 14373]
[0.0, 13308, 14379]
[0.0, 13308, 14398]
[0.0, 13308, 14426]
[0.0, 13308, 14434]
[0.0, 13308, 14439]
[0.0, 13308, 14455]
[0.0, 13308, 14470]
[0.0, 13308, 14486]
[0.0, 13308, 14512]
[0.0, 13308, 14522]
[0.0, 13308, 14525]
[0.0, 13308, 14542]
[0.0, 13308, 14543]
[0.0, 13308, 14565]
[0.0, 13308, 14569]
[0.0, 13308, 14573]
[0.0, 13308, 14586]
[0.0, 13308, 14587]
[0.0, 13308, 14588]
[0.0, 13308, 14621]
[0.0, 13308, 14629]
[0.0, 13308, 14676]
[0.0, 13308, 14704]
[0.0, 13308, 14747]
[0.0, 13308, 14762]
[0.0, 13308, 14814]
[0.0, 13308, 14815]
[0.0, 13308, 14864]
[0.0, 13308, 14873]
[0.0, 13308, 14890]
[0.0, 13308, 14904]
[0.0, 13308, 14919]
[0.0, 13308, 14983]
[0.0, 13308, 14990]
[0.0, 13308, 14991]
[0.0, 13308, 14992]
[0.0, 13308, 14996]
[0.0, 13334, 13335]
[0.0, 13337, 13338]
[0.0, 13340, 13343]
[0.0, 13340, 13373]
[0.0, 13340, 13379]
[0.0, 13340, 13381]
[0.0, 13340, 13384]
[0.0, 13340, 13432]
[0.0, 13340, 13510]
[0.0, 13340, 13516]
[0.0, 13340, 13517]
[0.0, 13340, 13526]
[0.0, 13340, 13530]
[0.0, 13340, 13575]
[0.0, 13340, 13595]
[0.0, 13340, 13599]
[0.0, 13340, 13603]
[0.0, 13340, 13606]
[0.0, 13340, 13649]
[0.0, 13340, 13652]
[0.0, 13340, 13655]
[0.0, 13340, 13677]
[0.0, 13340, 13692]
[0.0, 13340, 13696]
[0.0, 13340, 13745]
[0.0, 13340, 13748]
[0.0, 13340, 13751]
[0.0, 13340, 13778]
[0.0, 13340, 13784]
[0.0, 13340, 13791]
[0.0, 13340, 13811]
[0.0, 13340, 13848]
[0.0, 13340, 13849]
[0.0, 13340, 13857]
[0.0, 13340, 13885]
[0.0, 13340, 13956]
[0.0, 13340, 13977]
[0.0, 13340, 13995]
[0.0, 13340, 14017]
[0.0, 13340, 14056]
[0.0, 13340, 14057]
[0.0, 13340, 14082]
[0.0, 13340, 14083]
[0.0, 13340, 14084]
[0.0, 13340, 14131]
[0.0, 13340, 14141]
[0.0, 13340, 14152]
[0.0, 13340, 14182]
[0.0, 13340, 14183]
[0.0, 13340, 14185]
[0.0, 13340, 14198]
[0.0, 13340, 14216]
[0.0, 13340, 14243]
[0.0, 13340, 14244]
[0.0, 13340, 14248]
[0.0, 13340, 14250]
[0.0, 13340, 14251]
[0.0, 13340, 14255]
[0.0, 13340, 14326]
[0.0, 13340, 14333]
[0.0, 13340, 14373]
[0.0, 13340, 14379]
[0.0, 13340, 14398]
[0.0, 13340, 14426]
[0.0, 13340, 14434]
[0.0, 13340, 14439]
[0.0, 13340, 14455]
[0.0, 13340, 14470]
[0.0, 13340, 14486]
[0.0, 13340, 14512]
[0.0, 13340, 14522]
[0.0, 13340, 14525]
[0.0, 13340, 14542]
[0.0, 13340, 14543]
[0.0, 13340, 14565]
[0.0, 13340, 14569]
[0.0, 13340, 14573]
[0.0, 13340, 14586]
[0.0, 13340, 14587]
[0.0, 13340, 14588]
[0.0, 13340, 14621]
[0.0, 13340, 14629]
[0.0, 13340, 14676]
[0.0, 13340, 14704]
[0.0, 13340, 14747]
[0.0, 13340, 14762]
[0.0, 13340, 14814]
[0.0, 13340, 14815]
[0.0, 13340, 14864]
[0.0, 13340, 14873]
[0.0, 13340, 14890]
[0.0, 13340, 14904]
[0.0, 13340, 14919]
[0.0, 13340, 14983]
[0.0, 13340, 14990]
[0.0, 13340, 14991]
[0.0, 13340, 14992]
[0.0, 13340, 14996]
[0.0, 13343, 13373]
[0.0, 13343, 13379]
[0.0, 13343, 13381]
[0.0, 13343, 13384]
[0.0, 13343, 13432]
[0.0, 13343, 13510]
[0.0, 13343, 13516]
[0.0, 13343, 13517]
[0.0, 13343, 13526]
[0.0, 13343, 13530]
[0.0, 13343, 13575]
[0.0, 13343, 13595]
[0.0, 13343, 13599]
[0.0, 13343, 13603]
[0.0, 13343, 13606]
[0.0, 13343, 13649]
[0.0, 13343, 13652]
[0.0, 13343, 13655]
[0.0, 13343, 13677]
[0.0, 13343, 13692]
[0.0, 13343, 13696]
[0.0, 13343, 13745]
[0.0, 13343, 13748]
[0.0, 13343, 13751]
[0.0, 13343, 13778]
[0.0, 13343, 13784]
[0.0, 13343, 13791]
[0.0, 13343, 13811]
[0.0, 13343, 13848]
[0.0, 13343, 13849]
[0.0, 13343, 13857]
[0.0, 13343, 13885]
[0.0, 13343, 13956]
[0.0, 13343, 13977]
[0.0, 13343, 13995]
[0.0, 13343, 14017]
[0.0, 13343, 14056]
[0.0, 13343, 14057]
[0.0, 13343, 14082]
[0.0, 13343, 14083]
[0.0, 13343, 14084]
[0.0, 13343, 14131]
[0.0, 13343, 14141]
[0.0, 13343, 14152]
[0.0, 13343, 14182]
[0.0, 13343, 14183]
[0.0, 13343, 14185]
[0.0, 13343, 14198]
[0.0, 13343, 14216]
[0.0, 13343, 14243]
[0.0, 13343, 14244]
[0.0, 13343, 14248]
[0.0, 13343, 14250]
[0.0, 13343, 14251]
[0.0, 13343, 14255]
[0.0, 13343, 14326]
[0.0, 13343, 14333]
[0.0, 13343, 14373]
[0.0, 13343, 14379]
[0.0, 13343, 14398]
[0.0, 13343, 14426]
[0.0, 13343, 14434]
[0.0, 13343, 14439]
[0.0, 13343, 14455]
[0.0, 13343, 14470]
[0.0, 13343, 14486]
[0.0, 13343, 14512]
[0.0, 13343, 14522]
[0.0, 13343, 14525]
[0.0, 13343, 14542]
[0.0, 13343, 14543]
[0.0, 13343, 14565]
[0.0, 13343, 14569]
[0.0, 13343, 14573]
[0.0, 13343, 14586]
[0.0, 13343, 14587]
[0.0, 13343, 14588]
[0.0, 13343, 14621]
[0.0, 13343, 14629]
[0.0, 13343, 14676]
[0.0, 13343, 14704]
[0.0, 13343, 14747]
[0.0, 13343, 14762]
[0.0, 13343, 14814]
[0.0, 13343, 14815]
[0.0, 13343, 14864]
[0.0, 13343, 14873]
[0.0, 13343, 14890]
[0.0, 13343, 14904]
[0.0, 13343, 14919]
[0.0, 13343, 14983]
[0.0, 13343, 14990]
[0.0, 13343, 14991]
[0.0, 13343, 14992]
[0.0, 13343, 14996]
[0.0, 13357, 13358]
[0.0, 13360, 13361]
[0.0, 13373, 13379]
[0.0, 13373, 13381]
[0.0, 13373, 13384]
[0.0, 13373, 13432]
[0.0, 13373, 13510]
[0.0, 13373, 13516]
[0.0, 13373, 13517]
[0.0, 13373, 13526]
[0.0, 13373, 13530]
[0.0, 13373, 13575]
[0.0, 13373, 13595]
[0.0, 13373, 13599]
[0.0, 13373, 13603]
[0.0, 13373, 13606]
[0.0, 13373, 13649]
[0.0, 13373, 13652]
[0.0, 13373, 13655]
[0.0, 13373, 13677]
[0.0, 13373, 13692]
[0.0, 13373, 13696]
[0.0, 13373, 13745]
[0.0, 13373, 13748]
[0.0, 13373, 13751]
[0.0, 13373, 13778]
[0.0, 13373, 13784]
[0.0, 13373, 13791]
[0.0, 13373, 13811]
[0.0, 13373, 13848]
[0.0, 13373, 13849]
[0.0, 13373, 13857]
[0.0, 13373, 13885]
[0.0, 13373, 13956]
[0.0, 13373, 13977]
[0.0, 13373, 13995]
[0.0, 13373, 14017]
[0.0, 13373, 14056]
[0.0, 13373, 14057]
[0.0, 13373, 14082]
[0.0, 13373, 14083]
[0.0, 13373, 14084]
[0.0, 13373, 14131]
[0.0, 13373, 14141]
[0.0, 13373, 14152]
[0.0, 13373, 14182]
[0.0, 13373, 14183]
[0.0, 13373, 14185]
[0.0, 13373, 14198]
[0.0, 13373, 14216]
[0.0, 13373, 14243]
[0.0, 13373, 14244]
[0.0, 13373, 14248]
[0.0, 13373, 14250]
[0.0, 13373, 14251]
[0.0, 13373, 14255]
[0.0, 13373, 14326]
[0.0, 13373, 14333]
[0.0, 13373, 14373]
[0.0, 13373, 14379]
[0.0, 13373, 14398]
[0.0, 13373, 14426]
[0.0, 13373, 14434]
[0.0, 13373, 14439]
[0.0, 13373, 14455]
[0.0, 13373, 14470]
[0.0, 13373, 14486]
[0.0, 13373, 14512]
[0.0, 13373, 14522]
[0.0, 13373, 14525]
[0.0, 13373, 14542]
[0.0, 13373, 14543]
[0.0, 13373, 14565]
[0.0, 13373, 14569]
[0.0, 13373, 14573]
[0.0, 13373, 14586]
[0.0, 13373, 14587]
[0.0, 13373, 14588]
[0.0, 13373, 14621]
[0.0, 13373, 14629]
[0.0, 13373, 14676]
[0.0, 13373, 14704]
[0.0, 13373, 14747]
[0.0, 13373, 14762]
[0.0, 13373, 14814]
[0.0, 13373, 14815]
[0.0, 13373, 14864]
[0.0, 13373, 14873]
[0.0, 13373, 14890]
[0.0, 13373, 14904]
[0.0, 13373, 14919]
[0.0, 13373, 14983]
[0.0, 13373, 14990]
[0.0, 13373, 14991]
[0.0, 13373, 14992]
[0.0, 13373, 14996]
[0.0, 13379, 13381]
[0.0, 13379, 13384]
[0.0, 13379, 13432]
[0.0, 13379, 13510]
[0.0, 13379, 13516]
[0.0, 13379, 13517]
[0.0, 13379, 13526]
[0.0, 13379, 13530]
[0.0, 13379, 13575]
[0.0, 13379, 13595]
[0.0, 13379, 13599]
[0.0, 13379, 13603]
[0.0, 13379, 13606]
[0.0, 13379, 13649]
[0.0, 13379, 13652]
[0.0, 13379, 13655]
[0.0, 13379, 13677]
[0.0, 13379, 13692]
[0.0, 13379, 13696]
[0.0, 13379, 13745]
[0.0, 13379, 13748]
[0.0, 13379, 13751]
[0.0, 13379, 13778]
[0.0, 13379, 13784]
[0.0, 13379, 13791]
[0.0, 13379, 13811]
[0.0, 13379, 13848]
[0.0, 13379, 13849]
[0.0, 13379, 13857]
[0.0, 13379, 13885]
[0.0, 13379, 13956]
[0.0, 13379, 13977]
[0.0, 13379, 13995]
[0.0, 13379, 14017]
[0.0, 13379, 14056]
[0.0, 13379, 14057]
[0.0, 13379, 14082]
[0.0, 13379, 14083]
[0.0, 13379, 14084]
[0.0, 13379, 14131]
[0.0, 13379, 14141]
[0.0, 13379, 14152]
[0.0, 13379, 14182]
[0.0, 13379, 14183]
[0.0, 13379, 14185]
[0.0, 13379, 14198]
[0.0, 13379, 14216]
[0.0, 13379, 14243]
[0.0, 13379, 14244]
[0.0, 13379, 14248]
[0.0, 13379, 14250]
[0.0, 13379, 14251]
[0.0, 13379, 14255]
[0.0, 13379, 14326]
[0.0, 13379, 14333]
[0.0, 13379, 14373]
[0.0, 13379, 14379]
[0.0, 13379, 14398]
[0.0, 13379, 14426]
[0.0, 13379, 14434]
[0.0, 13379, 14439]
[0.0, 13379, 14455]
[0.0, 13379, 14470]
[0.0, 13379, 14486]
[0.0, 13379, 14512]
[0.0, 13379, 14522]
[0.0, 13379, 14525]
[0.0, 13379, 14542]
[0.0, 13379, 14543]
[0.0, 13379, 14565]
[0.0, 13379, 14569]
[0.0, 13379, 14573]
[0.0, 13379, 14586]
[0.0, 13379, 14587]
[0.0, 13379, 14588]
[0.0, 13379, 14621]
[0.0, 13379, 14629]
[0.0, 13379, 14676]
[0.0, 13379, 14704]
[0.0, 13379, 14747]
[0.0, 13379, 14762]
[0.0, 13379, 14814]
[0.0, 13379, 14815]
[0.0, 13379, 14864]
[0.0, 13379, 14873]
[0.0, 13379, 14890]
[0.0, 13379, 14904]
[0.0, 13379, 14919]
[0.0, 13379, 14983]
[0.0, 13379, 14990]
[0.0, 13379, 14991]
[0.0, 13379, 14992]
[0.0, 13379, 14996]
[0.0, 13381, 13384]
[0.0, 13381, 13432]
[0.0, 13381, 13510]
[0.0, 13381, 13516]
[0.0, 13381, 13517]
[0.0, 13381, 13526]
[0.0, 13381, 13530]
[0.0, 13381, 13575]
[0.0, 13381, 13595]
[0.0, 13381, 13599]
[0.0, 13381, 13603]
[0.0, 13381, 13606]
[0.0, 13381, 13649]
[0.0, 13381, 13652]
[0.0, 13381, 13655]
[0.0, 13381, 13677]
[0.0, 13381, 13692]
[0.0, 13381, 13696]
[0.0, 13381, 13745]
[0.0, 13381, 13748]
[0.0, 13381, 13751]
[0.0, 13381, 13778]
[0.0, 13381, 13784]
[0.0, 13381, 13791]
[0.0, 13381, 13811]
[0.0, 13381, 13848]
[0.0, 13381, 13849]
[0.0, 13381, 13857]
[0.0, 13381, 13885]
[0.0, 13381, 13956]
[0.0, 13381, 13977]
[0.0, 13381, 13995]
[0.0, 13381, 14017]
[0.0, 13381, 14056]
[0.0, 13381, 14057]
[0.0, 13381, 14082]
[0.0, 13381, 14083]
[0.0, 13381, 14084]
[0.0, 13381, 14131]
[0.0, 13381, 14141]
[0.0, 13381, 14152]
[0.0, 13381, 14182]
[0.0, 13381, 14183]
[0.0, 13381, 14185]
[0.0, 13381, 14198]
[0.0, 13381, 14216]
[0.0, 13381, 14243]
[0.0, 13381, 14244]
[0.0, 13381, 14248]
[0.0, 13381, 14250]
[0.0, 13381, 14251]
[0.0, 13381, 14255]
[0.0, 13381, 14326]
[0.0, 13381, 14333]
[0.0, 13381, 14373]
[0.0, 13381, 14379]
[0.0, 13381, 14398]
[0.0, 13381, 14426]
[0.0, 13381, 14434]
[0.0, 13381, 14439]
[0.0, 13381, 14455]
[0.0, 13381, 14470]
[0.0, 13381, 14486]
[0.0, 13381, 14512]
[0.0, 13381, 14522]
[0.0, 13381, 14525]
[0.0, 13381, 14542]
[0.0, 13381, 14543]
[0.0, 13381, 14565]
[0.0, 13381, 14569]
[0.0, 13381, 14573]
[0.0, 13381, 14586]
[0.0, 13381, 14587]
[0.0, 13381, 14588]
[0.0, 13381, 14621]
[0.0, 13381, 14629]
[0.0, 13381, 14676]
[0.0, 13381, 14704]
[0.0, 13381, 14747]
[0.0, 13381, 14762]
[0.0, 13381, 14814]
[0.0, 13381, 14815]
[0.0, 13381, 14864]
[0.0, 13381, 14873]
[0.0, 13381, 14890]
[0.0, 13381, 14904]
[0.0, 13381, 14919]
[0.0, 13381, 14983]
[0.0, 13381, 14990]
[0.0, 13381, 14991]
[0.0, 13381, 14992]
[0.0, 13381, 14996]
[0.0, 13384, 13432]
[0.0, 13384, 13510]
[0.0, 13384, 13516]
[0.0, 13384, 13517]
[0.0, 13384, 13526]
[0.0, 13384, 13530]
[0.0, 13384, 13575]
[0.0, 13384, 13595]
[0.0, 13384, 13599]
[0.0, 13384, 13603]
[0.0, 13384, 13606]
[0.0, 13384, 13649]
[0.0, 13384, 13652]
[0.0, 13384, 13655]
[0.0, 13384, 13677]
[0.0, 13384, 13692]
[0.0, 13384, 13696]
[0.0, 13384, 13745]
[0.0, 13384, 13748]
[0.0, 13384, 13751]
[0.0, 13384, 13778]
[0.0, 13384, 13784]
[0.0, 13384, 13791]
[0.0, 13384, 13811]
[0.0, 13384, 13848]
[0.0, 13384, 13849]
[0.0, 13384, 13857]
[0.0, 13384, 13885]
[0.0, 13384, 13956]
[0.0, 13384, 13977]
[0.0, 13384, 13995]
[0.0, 13384, 14017]
[0.0, 13384, 14056]
[0.0, 13384, 14057]
[0.0, 13384, 14082]
[0.0, 13384, 14083]
[0.0, 13384, 14084]
[0.0, 13384, 14131]
[0.0, 13384, 14141]
[0.0, 13384, 14152]
[0.0, 13384, 14182]
[0.0, 13384, 14183]
[0.0, 13384, 14185]
[0.0, 13384, 14198]
[0.0, 13384, 14216]
[0.0, 13384, 14243]
[0.0, 13384, 14244]
[0.0, 13384, 14248]
[0.0, 13384, 14250]
[0.0, 13384, 14251]
[0.0, 13384, 14255]
[0.0, 13384, 14326]
[0.0, 13384, 14333]
[0.0, 13384, 14373]
[0.0, 13384, 14379]
[0.0, 13384, 14398]
[0.0, 13384, 14426]
[0.0, 13384, 14434]
[0.0, 13384, 14439]
[0.0, 13384, 14455]
[0.0, 13384, 14470]
[0.0, 13384, 14486]
[0.0, 13384, 14512]
[0.0, 13384, 14522]
[0.0, 13384, 14525]
[0.0, 13384, 14542]
[0.0, 13384, 14543]
[0.0, 13384, 14565]
[0.0, 13384, 14569]
[0.0, 13384, 14573]
[0.0, 13384, 14586]
[0.0, 13384, 14587]
[0.0, 13384, 14588]
[0.0, 13384, 14621]
[0.0, 13384, 14629]
[0.0, 13384, 14676]
[0.0, 13384, 14704]
[0.0, 13384, 14747]
[0.0, 13384, 14762]
[0.0, 13384, 14814]
[0.0, 13384, 14815]
[0.0, 13384, 14864]
[0.0, 13384, 14873]
[0.0, 13384, 14890]
[0.0, 13384, 14904]
[0.0, 13384, 14919]
[0.0, 13384, 14983]
[0.0, 13384, 14990]
[0.0, 13384, 14991]
[0.0, 13384, 14992]
[0.0, 13384, 14996]
[0.0, 13419, 13420]
[0.0, 13432, 13510]
[0.0, 13432, 13516]
[0.0, 13432, 13517]
[0.0, 13432, 13526]
[0.0, 13432, 13530]
[0.0, 13432, 13575]
[0.0, 13432, 13595]
[0.0, 13432, 13599]
[0.0, 13432, 13603]
[0.0, 13432, 13606]
[0.0, 13432, 13649]
[0.0, 13432, 13652]
[0.0, 13432, 13655]
[0.0, 13432, 13677]
[0.0, 13432, 13692]
[0.0, 13432, 13696]
[0.0, 13432, 13745]
[0.0, 13432, 13748]
[0.0, 13432, 13751]
[0.0, 13432, 13778]
[0.0, 13432, 13784]
[0.0, 13432, 13791]
[0.0, 13432, 13811]
[0.0, 13432, 13848]
[0.0, 13432, 13849]
[0.0, 13432, 13857]
[0.0, 13432, 13885]
[0.0, 13432, 13956]
[0.0, 13432, 13977]
[0.0, 13432, 13995]
[0.0, 13432, 14017]
[0.0, 13432, 14056]
[0.0, 13432, 14057]
[0.0, 13432, 14082]
[0.0, 13432, 14083]
[0.0, 13432, 14084]
[0.0, 13432, 14131]
[0.0, 13432, 14141]
[0.0, 13432, 14152]
[0.0, 13432, 14182]
[0.0, 13432, 14183]
[0.0, 13432, 14185]
[0.0, 13432, 14198]
[0.0, 13432, 14216]
[0.0, 13432, 14243]
[0.0, 13432, 14244]
[0.0, 13432, 14248]
[0.0, 13432, 14250]
[0.0, 13432, 14251]
[0.0, 13432, 14255]
[0.0, 13432, 14326]
[0.0, 13432, 14333]
[0.0, 13432, 14373]
[0.0, 13432, 14379]
[0.0, 13432, 14398]
[0.0, 13432, 14426]
[0.0, 13432, 14434]
[0.0, 13432, 14439]
[0.0, 13432, 14455]
[0.0, 13432, 14470]
[0.0, 13432, 14486]
[0.0, 13432, 14512]
[0.0, 13432, 14522]
[0.0, 13432, 14525]
[0.0, 13432, 14542]
[0.0, 13432, 14543]
[0.0, 13432, 14565]
[0.0, 13432, 14569]
[0.0, 13432, 14573]
[0.0, 13432, 14586]
[0.0, 13432, 14587]
[0.0, 13432, 14588]
[0.0, 13432, 14621]
[0.0, 13432, 14629]
[0.0, 13432, 14676]
[0.0, 13432, 14704]
[0.0, 13432, 14747]
[0.0, 13432, 14762]
[0.0, 13432, 14814]
[0.0, 13432, 14815]
[0.0, 13432, 14864]
[0.0, 13432, 14873]
[0.0, 13432, 14890]
[0.0, 13432, 14904]
[0.0, 13432, 14919]
[0.0, 13432, 14983]
[0.0, 13432, 14990]
[0.0, 13432, 14991]
[0.0, 13432, 14992]
[0.0, 13432, 14996]
[0.0, 13442, 13443]
[0.0, 13450, 13451]
[0.0, 13473, 13474]
[0.0, 13485, 13486]
[0.0, 13490, 13491]
[0.0, 13492, 13493]
[0.0, 13505, 13506]
[0.0, 13505, 13507]
[0.0, 13506, 13507]
[0.0, 13508, 13509]
[0.0, 13510, 13516]
[0.0, 13510, 13517]
[0.0, 13510, 13526]
[0.0, 13510, 13530]
[0.0, 13510, 13575]
[0.0, 13510, 13595]
[0.0, 13510, 13599]
[0.0, 13510, 13603]
[0.0, 13510, 13606]
[0.0, 13510, 13649]
[0.0, 13510, 13652]
[0.0, 13510, 13655]
[0.0, 13510, 13677]
[0.0, 13510, 13692]
[0.0, 13510, 13696]
[0.0, 13510, 13745]
[0.0, 13510, 13748]
[0.0, 13510, 13751]
[0.0, 13510, 13778]
[0.0, 13510, 13784]
[0.0, 13510, 13791]
[0.0, 13510, 13811]
[0.0, 13510, 13848]
[0.0, 13510, 13849]
[0.0, 13510, 13857]
[0.0, 13510, 13885]
[0.0, 13510, 13956]
[0.0, 13510, 13977]
[0.0, 13510, 13995]
[0.0, 13510, 14017]
[0.0, 13510, 14056]
[0.0, 13510, 14057]
[0.0, 13510, 14082]
[0.0, 13510, 14083]
[0.0, 13510, 14084]
[0.0, 13510, 14131]
[0.0, 13510, 14141]
[0.0, 13510, 14152]
[0.0, 13510, 14182]
[0.0, 13510, 14183]
[0.0, 13510, 14185]
[0.0, 13510, 14198]
[0.0, 13510, 14216]
[0.0, 13510, 14243]
[0.0, 13510, 14244]
[0.0, 13510, 14248]
[0.0, 13510, 14250]
[0.0, 13510, 14251]
[0.0, 13510, 14255]
[0.0, 13510, 14326]
[0.0, 13510, 14333]
[0.0, 13510, 14373]
[0.0, 13510, 14379]
[0.0, 13510, 14398]
[0.0, 13510, 14426]
[0.0, 13510, 14434]
[0.0, 13510, 14439]
[0.0, 13510, 14455]
[0.0, 13510, 14470]
[0.0, 13510, 14486]
[0.0, 13510, 14512]
[0.0, 13510, 14522]
[0.0, 13510, 14525]
[0.0, 13510, 14542]
[0.0, 13510, 14543]
[0.0, 13510, 14565]
[0.0, 13510, 14569]
[0.0, 13510, 14573]
[0.0, 13510, 14586]
[0.0, 13510, 14587]
[0.0, 13510, 14588]
[0.0, 13510, 14621]
[0.0, 13510, 14629]
[0.0, 13510, 14676]
[0.0, 13510, 14704]
[0.0, 13510, 14747]
[0.0, 13510, 14762]
[0.0, 13510, 14814]
[0.0, 13510, 14815]
[0.0, 13510, 14864]
[0.0, 13510, 14873]
[0.0, 13510, 14890]
[0.0, 13510, 14904]
[0.0, 13510, 14919]
[0.0, 13510, 14983]
[0.0, 13510, 14990]
[0.0, 13510, 14991]
[0.0, 13510, 14992]
[0.0, 13510, 14996]
[0.0, 13512, 13513]
[0.0, 13516, 13517]
[0.0, 13516, 13526]
[0.0, 13516, 13530]
[0.0, 13516, 13575]
[0.0, 13516, 13595]
[0.0, 13516, 13599]
[0.0, 13516, 13603]
[0.0, 13516, 13606]
[0.0, 13516, 13649]
[0.0, 13516, 13652]
[0.0, 13516, 13655]
[0.0, 13516, 13677]
[0.0, 13516, 13692]
[0.0, 13516, 13696]
[0.0, 13516, 13745]
[0.0, 13516, 13748]
[0.0, 13516, 13751]
[0.0, 13516, 13778]
[0.0, 13516, 13784]
[0.0, 13516, 13791]
[0.0, 13516, 13811]
[0.0, 13516, 13848]
[0.0, 13516, 13849]
[0.0, 13516, 13857]
[0.0, 13516, 13885]
[0.0, 13516, 13956]
[0.0, 13516, 13977]
[0.0, 13516, 13995]
[0.0, 13516, 14017]
[0.0, 13516, 14056]
[0.0, 13516, 14057]
[0.0, 13516, 14082]
[0.0, 13516, 14083]
[0.0, 13516, 14084]
[0.0, 13516, 14131]
[0.0, 13516, 14141]
[0.0, 13516, 14152]
[0.0, 13516, 14182]
[0.0, 13516, 14183]
[0.0, 13516, 14185]
[0.0, 13516, 14198]
[0.0, 13516, 14216]
[0.0, 13516, 14243]
[0.0, 13516, 14244]
[0.0, 13516, 14248]
[0.0, 13516, 14250]
[0.0, 13516, 14251]
[0.0, 13516, 14255]
[0.0, 13516, 14326]
[0.0, 13516, 14333]
[0.0, 13516, 14373]
[0.0, 13516, 14379]
[0.0, 13516, 14398]
[0.0, 13516, 14426]
[0.0, 13516, 14434]
[0.0, 13516, 14439]
[0.0, 13516, 14455]
[0.0, 13516, 14470]
[0.0, 13516, 14486]
[0.0, 13516, 14512]
[0.0, 13516, 14522]
[0.0, 13516, 14525]
[0.0, 13516, 14542]
[0.0, 13516, 14543]
[0.0, 13516, 14565]
[0.0, 13516, 14569]
[0.0, 13516, 14573]
[0.0, 13516, 14586]
[0.0, 13516, 14587]
[0.0, 13516, 14588]
[0.0, 13516, 14621]
[0.0, 13516, 14629]
[0.0, 13516, 14676]
[0.0, 13516, 14704]
[0.0, 13516, 14747]
[0.0, 13516, 14762]
[0.0, 13516, 14814]
[0.0, 13516, 14815]
[0.0, 13516, 14864]
[0.0, 13516, 14873]
[0.0, 13516, 14890]
[0.0, 13516, 14904]
[0.0, 13516, 14919]
[0.0, 13516, 14983]
[0.0, 13516, 14990]
[0.0, 13516, 14991]
[0.0, 13516, 14992]
[0.0, 13516, 14996]
[0.0, 13517, 13526]
[0.0, 13517, 13530]
[0.0, 13517, 13575]
[0.0, 13517, 13595]
[0.0, 13517, 13599]
[0.0, 13517, 13603]
[0.0, 13517, 13606]
[0.0, 13517, 13649]
[0.0, 13517, 13652]
[0.0, 13517, 13655]
[0.0, 13517, 13677]
[0.0, 13517, 13692]
[0.0, 13517, 13696]
[0.0, 13517, 13745]
[0.0, 13517, 13748]
[0.0, 13517, 13751]
[0.0, 13517, 13778]
[0.0, 13517, 13784]
[0.0, 13517, 13791]
[0.0, 13517, 13811]
[0.0, 13517, 13848]
[0.0, 13517, 13849]
[0.0, 13517, 13857]
[0.0, 13517, 13885]
[0.0, 13517, 13956]
[0.0, 13517, 13977]
[0.0, 13517, 13995]
[0.0, 13517, 14017]
[0.0, 13517, 14056]
[0.0, 13517, 14057]
[0.0, 13517, 14082]
[0.0, 13517, 14083]
[0.0, 13517, 14084]
[0.0, 13517, 14131]
[0.0, 13517, 14141]
[0.0, 13517, 14152]
[0.0, 13517, 14182]
[0.0, 13517, 14183]
[0.0, 13517, 14185]
[0.0, 13517, 14198]
[0.0, 13517, 14216]
[0.0, 13517, 14243]
[0.0, 13517, 14244]
[0.0, 13517, 14248]
[0.0, 13517, 14250]
[0.0, 13517, 14251]
[0.0, 13517, 14255]
[0.0, 13517, 14326]
[0.0, 13517, 14333]
[0.0, 13517, 14373]
[0.0, 13517, 14379]
[0.0, 13517, 14398]
[0.0, 13517, 14426]
[0.0, 13517, 14434]
[0.0, 13517, 14439]
[0.0, 13517, 14455]
[0.0, 13517, 14470]
[0.0, 13517, 14486]
[0.0, 13517, 14512]
[0.0, 13517, 14522]
[0.0, 13517, 14525]
[0.0, 13517, 14542]
[0.0, 13517, 14543]
[0.0, 13517, 14565]
[0.0, 13517, 14569]
[0.0, 13517, 14573]
[0.0, 13517, 14586]
[0.0, 13517, 14587]
[0.0, 13517, 14588]
[0.0, 13517, 14621]
[0.0, 13517, 14629]
[0.0, 13517, 14676]
[0.0, 13517, 14704]
[0.0, 13517, 14747]
[0.0, 13517, 14762]
[0.0, 13517, 14814]
[0.0, 13517, 14815]
[0.0, 13517, 14864]
[0.0, 13517, 14873]
[0.0, 13517, 14890]
[0.0, 13517, 14904]
[0.0, 13517, 14919]
[0.0, 13517, 14983]
[0.0, 13517, 14990]
[0.0, 13517, 14991]
[0.0, 13517, 14992]
[0.0, 13517, 14996]
[0.0, 13519, 13520]
[0.0, 13526, 13530]
[0.0, 13526, 13575]
[0.0, 13526, 13595]
[0.0, 13526, 13599]
[0.0, 13526, 13603]
[0.0, 13526, 13606]
[0.0, 13526, 13649]
[0.0, 13526, 13652]
[0.0, 13526, 13655]
[0.0, 13526, 13677]
[0.0, 13526, 13692]
[0.0, 13526, 13696]
[0.0, 13526, 13745]
[0.0, 13526, 13748]
[0.0, 13526, 13751]
[0.0, 13526, 13778]
[0.0, 13526, 13784]
[0.0, 13526, 13791]
[0.0, 13526, 13811]
[0.0, 13526, 13848]
[0.0, 13526, 13849]
[0.0, 13526, 13857]
[0.0, 13526, 13885]
[0.0, 13526, 13956]
[0.0, 13526, 13977]
[0.0, 13526, 13995]
[0.0, 13526, 14017]
[0.0, 13526, 14056]
[0.0, 13526, 14057]
[0.0, 13526, 14082]
[0.0, 13526, 14083]
[0.0, 13526, 14084]
[0.0, 13526, 14131]
[0.0, 13526, 14141]
[0.0, 13526, 14152]
[0.0, 13526, 14182]
[0.0, 13526, 14183]
[0.0, 13526, 14185]
[0.0, 13526, 14198]
[0.0, 13526, 14216]
[0.0, 13526, 14243]
[0.0, 13526, 14244]
[0.0, 13526, 14248]
[0.0, 13526, 14250]
[0.0, 13526, 14251]
[0.0, 13526, 14255]
[0.0, 13526, 14326]
[0.0, 13526, 14333]
[0.0, 13526, 14373]
[0.0, 13526, 14379]
[0.0, 13526, 14398]
[0.0, 13526, 14426]
[0.0, 13526, 14434]
[0.0, 13526, 14439]
[0.0, 13526, 14455]
[0.0, 13526, 14470]
[0.0, 13526, 14486]
[0.0, 13526, 14512]
[0.0, 13526, 14522]
[0.0, 13526, 14525]
[0.0, 13526, 14542]
[0.0, 13526, 14543]
[0.0, 13526, 14565]
[0.0, 13526, 14569]
[0.0, 13526, 14573]
[0.0, 13526, 14586]
[0.0, 13526, 14587]
[0.0, 13526, 14588]
[0.0, 13526, 14621]
[0.0, 13526, 14629]
[0.0, 13526, 14676]
[0.0, 13526, 14704]
[0.0, 13526, 14747]
[0.0, 13526, 14762]
[0.0, 13526, 14814]
[0.0, 13526, 14815]
[0.0, 13526, 14864]
[0.0, 13526, 14873]
[0.0, 13526, 14890]
[0.0, 13526, 14904]
[0.0, 13526, 14919]
[0.0, 13526, 14983]
[0.0, 13526, 14990]
[0.0, 13526, 14991]
[0.0, 13526, 14992]
[0.0, 13526, 14996]
[0.0, 13530, 13575]
[0.0, 13530, 13595]
[0.0, 13530, 13599]
[0.0, 13530, 13603]
[0.0, 13530, 13606]
[0.0, 13530, 13649]
[0.0, 13530, 13652]
[0.0, 13530, 13655]
[0.0, 13530, 13677]
[0.0, 13530, 13692]
[0.0, 13530, 13696]
[0.0, 13530, 13745]
[0.0, 13530, 13748]
[0.0, 13530, 13751]
[0.0, 13530, 13778]
[0.0, 13530, 13784]
[0.0, 13530, 13791]
[0.0, 13530, 13811]
[0.0, 13530, 13848]
[0.0, 13530, 13849]
[0.0, 13530, 13857]
[0.0, 13530, 13885]
[0.0, 13530, 13956]
[0.0, 13530, 13977]
[0.0, 13530, 13995]
[0.0, 13530, 14017]
[0.0, 13530, 14056]
[0.0, 13530, 14057]
[0.0, 13530, 14082]
[0.0, 13530, 14083]
[0.0, 13530, 14084]
[0.0, 13530, 14131]
[0.0, 13530, 14141]
[0.0, 13530, 14152]
[0.0, 13530, 14182]
[0.0, 13530, 14183]
[0.0, 13530, 14185]
[0.0, 13530, 14198]
[0.0, 13530, 14216]
[0.0, 13530, 14243]
[0.0, 13530, 14244]
[0.0, 13530, 14248]
[0.0, 13530, 14250]
[0.0, 13530, 14251]
[0.0, 13530, 14255]
[0.0, 13530, 14326]
[0.0, 13530, 14333]
[0.0, 13530, 14373]
[0.0, 13530, 14379]
[0.0, 13530, 14398]
[0.0, 13530, 14426]
[0.0, 13530, 14434]
[0.0, 13530, 14439]
[0.0, 13530, 14455]
[0.0, 13530, 14470]
[0.0, 13530, 14486]
[0.0, 13530, 14512]
[0.0, 13530, 14522]
[0.0, 13530, 14525]
[0.0, 13530, 14542]
[0.0, 13530, 14543]
[0.0, 13530, 14565]
[0.0, 13530, 14569]
[0.0, 13530, 14573]
[0.0, 13530, 14586]
[0.0, 13530, 14587]
[0.0, 13530, 14588]
[0.0, 13530, 14621]
[0.0, 13530, 14629]
[0.0, 13530, 14676]
[0.0, 13530, 14704]
[0.0, 13530, 14747]
[0.0, 13530, 14762]
[0.0, 13530, 14814]
[0.0, 13530, 14815]
[0.0, 13530, 14864]
[0.0, 13530, 14873]
[0.0, 13530, 14890]
[0.0, 13530, 14904]
[0.0, 13530, 14919]
[0.0, 13530, 14983]
[0.0, 13530, 14990]
[0.0, 13530, 14991]
[0.0, 13530, 14992]
[0.0, 13530, 14996]
[0.0, 13556, 13557]
[0.0, 13560, 13561]
[0.0, 13563, 13564]
[0.0, 13575, 13595]
[0.0, 13575, 13599]
[0.0, 13575, 13603]
[0.0, 13575, 13606]
[0.0, 13575, 13649]
[0.0, 13575, 13652]
[0.0, 13575, 13655]
[0.0, 13575, 13677]
[0.0, 13575, 13692]
[0.0, 13575, 13696]
[0.0, 13575, 13745]
[0.0, 13575, 13748]
[0.0, 13575, 13751]
[0.0, 13575, 13778]
[0.0, 13575, 13784]
[0.0, 13575, 13791]
[0.0, 13575, 13811]
[0.0, 13575, 13848]
[0.0, 13575, 13849]
[0.0, 13575, 13857]
[0.0, 13575, 13885]
[0.0, 13575, 13956]
[0.0, 13575, 13977]
[0.0, 13575, 13995]
[0.0, 13575, 14017]
[0.0, 13575, 14056]
[0.0, 13575, 14057]
[0.0, 13575, 14082]
[0.0, 13575, 14083]
[0.0, 13575, 14084]
[0.0, 13575, 14131]
[0.0, 13575, 14141]
[0.0, 13575, 14152]
[0.0, 13575, 14182]
[0.0, 13575, 14183]
[0.0, 13575, 14185]
[0.0, 13575, 14198]
[0.0, 13575, 14216]
[0.0, 13575, 14243]
[0.0, 13575, 14244]
[0.0, 13575, 14248]
[0.0, 13575, 14250]
[0.0, 13575, 14251]
[0.0, 13575, 14255]
[0.0, 13575, 14326]
[0.0, 13575, 14333]
[0.0, 13575, 14373]
[0.0, 13575, 14379]
[0.0, 13575, 14398]
[0.0, 13575, 14426]
[0.0, 13575, 14434]
[0.0, 13575, 14439]
[0.0, 13575, 14455]
[0.0, 13575, 14470]
[0.0, 13575, 14486]
[0.0, 13575, 14512]
[0.0, 13575, 14522]
[0.0, 13575, 14525]
[0.0, 13575, 14542]
[0.0, 13575, 14543]
[0.0, 13575, 14565]
[0.0, 13575, 14569]
[0.0, 13575, 14573]
[0.0, 13575, 14586]
[0.0, 13575, 14587]
[0.0, 13575, 14588]
[0.0, 13575, 14621]
[0.0, 13575, 14629]
[0.0, 13575, 14676]
[0.0, 13575, 14704]
[0.0, 13575, 14747]
[0.0, 13575, 14762]
[0.0, 13575, 14814]
[0.0, 13575, 14815]
[0.0, 13575, 14864]
[0.0, 13575, 14873]
[0.0, 13575, 14890]
[0.0, 13575, 14904]
[0.0, 13575, 14919]
[0.0, 13575, 14983]
[0.0, 13575, 14990]
[0.0, 13575, 14991]
[0.0, 13575, 14992]
[0.0, 13575, 14996]
[0.0, 13581, 13582]
[0.0, 13591, 13592]
[0.0, 13595, 13599]
[0.0, 13595, 13603]
[0.0, 13595, 13606]
[0.0, 13595, 13649]
[0.0, 13595, 13652]
[0.0, 13595, 13655]
[0.0, 13595, 13677]
[0.0, 13595, 13692]
[0.0, 13595, 13696]
[0.0, 13595, 13745]
[0.0, 13595, 13748]
[0.0, 13595, 13751]
[0.0, 13595, 13778]
[0.0, 13595, 13784]
[0.0, 13595, 13791]
[0.0, 13595, 13811]
[0.0, 13595, 13848]
[0.0, 13595, 13849]
[0.0, 13595, 13857]
[0.0, 13595, 13885]
[0.0, 13595, 13956]
[0.0, 13595, 13977]
[0.0, 13595, 13995]
[0.0, 13595, 14017]
[0.0, 13595, 14056]
[0.0, 13595, 14057]
[0.0, 13595, 14082]
[0.0, 13595, 14083]
[0.0, 13595, 14084]
[0.0, 13595, 14131]
[0.0, 13595, 14141]
[0.0, 13595, 14152]
[0.0, 13595, 14182]
[0.0, 13595, 14183]
[0.0, 13595, 14185]
[0.0, 13595, 14198]
[0.0, 13595, 14216]
[0.0, 13595, 14243]
[0.0, 13595, 14244]
[0.0, 13595, 14248]
[0.0, 13595, 14250]
[0.0, 13595, 14251]
[0.0, 13595, 14255]
[0.0, 13595, 14326]
[0.0, 13595, 14333]
[0.0, 13595, 14373]
[0.0, 13595, 14379]
[0.0, 13595, 14398]
[0.0, 13595, 14426]
[0.0, 13595, 14434]
[0.0, 13595, 14439]
[0.0, 13595, 14455]
[0.0, 13595, 14470]
[0.0, 13595, 14486]
[0.0, 13595, 14512]
[0.0, 13595, 14522]
[0.0, 13595, 14525]
[0.0, 13595, 14542]
[0.0, 13595, 14543]
[0.0, 13595, 14565]
[0.0, 13595, 14569]
[0.0, 13595, 14573]
[0.0, 13595, 14586]
[0.0, 13595, 14587]
[0.0, 13595, 14588]
[0.0, 13595, 14621]
[0.0, 13595, 14629]
[0.0, 13595, 14676]
[0.0, 13595, 14704]
[0.0, 13595, 14747]
[0.0, 13595, 14762]
[0.0, 13595, 14814]
[0.0, 13595, 14815]
[0.0, 13595, 14864]
[0.0, 13595, 14873]
[0.0, 13595, 14890]
[0.0, 13595, 14904]
[0.0, 13595, 14919]
[0.0, 13595, 14983]
[0.0, 13595, 14990]
[0.0, 13595, 14991]
[0.0, 13595, 14992]
[0.0, 13595, 14996]
[0.0, 13599, 13603]
[0.0, 13599, 13606]
[0.0, 13599, 13649]
[0.0, 13599, 13652]
[0.0, 13599, 13655]
[0.0, 13599, 13677]
[0.0, 13599, 13692]
[0.0, 13599, 13696]
[0.0, 13599, 13745]
[0.0, 13599, 13748]
[0.0, 13599, 13751]
[0.0, 13599, 13778]
[0.0, 13599, 13784]
[0.0, 13599, 13791]
[0.0, 13599, 13811]
[0.0, 13599, 13848]
[0.0, 13599, 13849]
[0.0, 13599, 13857]
[0.0, 13599, 13885]
[0.0, 13599, 13956]
[0.0, 13599, 13977]
[0.0, 13599, 13995]
[0.0, 13599, 14017]
[0.0, 13599, 14056]
[0.0, 13599, 14057]
[0.0, 13599, 14082]
[0.0, 13599, 14083]
[0.0, 13599, 14084]
[0.0, 13599, 14131]
[0.0, 13599, 14141]
[0.0, 13599, 14152]
[0.0, 13599, 14182]
[0.0, 13599, 14183]
[0.0, 13599, 14185]
[0.0, 13599, 14198]
[0.0, 13599, 14216]
[0.0, 13599, 14243]
[0.0, 13599, 14244]
[0.0, 13599, 14248]
[0.0, 13599, 14250]
[0.0, 13599, 14251]
[0.0, 13599, 14255]
[0.0, 13599, 14326]
[0.0, 13599, 14333]
[0.0, 13599, 14373]
[0.0, 13599, 14379]
[0.0, 13599, 14398]
[0.0, 13599, 14426]
[0.0, 13599, 14434]
[0.0, 13599, 14439]
[0.0, 13599, 14455]
[0.0, 13599, 14470]
[0.0, 13599, 14486]
[0.0, 13599, 14512]
[0.0, 13599, 14522]
[0.0, 13599, 14525]
[0.0, 13599, 14542]
[0.0, 13599, 14543]
[0.0, 13599, 14565]
[0.0, 13599, 14569]
[0.0, 13599, 14573]
[0.0, 13599, 14586]
[0.0, 13599, 14587]
[0.0, 13599, 14588]
[0.0, 13599, 14621]
[0.0, 13599, 14629]
[0.0, 13599, 14676]
[0.0, 13599, 14704]
[0.0, 13599, 14747]
[0.0, 13599, 14762]
[0.0, 13599, 14814]
[0.0, 13599, 14815]
[0.0, 13599, 14864]
[0.0, 13599, 14873]
[0.0, 13599, 14890]
[0.0, 13599, 14904]
[0.0, 13599, 14919]
[0.0, 13599, 14983]
[0.0, 13599, 14990]
[0.0, 13599, 14991]
[0.0, 13599, 14992]
[0.0, 13599, 14996]
[0.0, 13603, 13606]
[0.0, 13603, 13649]
[0.0, 13603, 13652]
[0.0, 13603, 13655]
[0.0, 13603, 13677]
[0.0, 13603, 13692]
[0.0, 13603, 13696]
[0.0, 13603, 13745]
[0.0, 13603, 13748]
[0.0, 13603, 13751]
[0.0, 13603, 13778]
[0.0, 13603, 13784]
[0.0, 13603, 13791]
[0.0, 13603, 13811]
[0.0, 13603, 13848]
[0.0, 13603, 13849]
[0.0, 13603, 13857]
[0.0, 13603, 13885]
[0.0, 13603, 13956]
[0.0, 13603, 13977]
[0.0, 13603, 13995]
[0.0, 13603, 14017]
[0.0, 13603, 14056]
[0.0, 13603, 14057]
[0.0, 13603, 14082]
[0.0, 13603, 14083]
[0.0, 13603, 14084]
[0.0, 13603, 14131]
[0.0, 13603, 14141]
[0.0, 13603, 14152]
[0.0, 13603, 14182]
[0.0, 13603, 14183]
[0.0, 13603, 14185]
[0.0, 13603, 14198]
[0.0, 13603, 14216]
[0.0, 13603, 14243]
[0.0, 13603, 14244]
[0.0, 13603, 14248]
[0.0, 13603, 14250]
[0.0, 13603, 14251]
[0.0, 13603, 14255]
[0.0, 13603, 14326]
[0.0, 13603, 14333]
[0.0, 13603, 14373]
[0.0, 13603, 14379]
[0.0, 13603, 14398]
[0.0, 13603, 14426]
[0.0, 13603, 14434]
[0.0, 13603, 14439]
[0.0, 13603, 14455]
[0.0, 13603, 14470]
[0.0, 13603, 14486]
[0.0, 13603, 14512]
[0.0, 13603, 14522]
[0.0, 13603, 14525]
[0.0, 13603, 14542]
[0.0, 13603, 14543]
[0.0, 13603, 14565]
[0.0, 13603, 14569]
[0.0, 13603, 14573]
[0.0, 13603, 14586]
[0.0, 13603, 14587]
[0.0, 13603, 14588]
[0.0, 13603, 14621]
[0.0, 13603, 14629]
[0.0, 13603, 14676]
[0.0, 13603, 14704]
[0.0, 13603, 14747]
[0.0, 13603, 14762]
[0.0, 13603, 14814]
[0.0, 13603, 14815]
[0.0, 13603, 14864]
[0.0, 13603, 14873]
[0.0, 13603, 14890]
[0.0, 13603, 14904]
[0.0, 13603, 14919]
[0.0, 13603, 14983]
[0.0, 13603, 14990]
[0.0, 13603, 14991]
[0.0, 13603, 14992]
[0.0, 13603, 14996]
[0.0, 13606, 13649]
[0.0, 13606, 13652]
[0.0, 13606, 13655]
[0.0, 13606, 13677]
[0.0, 13606, 13692]
[0.0, 13606, 13696]
[0.0, 13606, 13745]
[0.0, 13606, 13748]
[0.0, 13606, 13751]
[0.0, 13606, 13778]
[0.0, 13606, 13784]
[0.0, 13606, 13791]
[0.0, 13606, 13811]
[0.0, 13606, 13848]
[0.0, 13606, 13849]
[0.0, 13606, 13857]
[0.0, 13606, 13885]
[0.0, 13606, 13956]
[0.0, 13606, 13977]
[0.0, 13606, 13995]
[0.0, 13606, 14017]
[0.0, 13606, 14056]
[0.0, 13606, 14057]
[0.0, 13606, 14082]
[0.0, 13606, 14083]
[0.0, 13606, 14084]
[0.0, 13606, 14131]
[0.0, 13606, 14141]
[0.0, 13606, 14152]
[0.0, 13606, 14182]
[0.0, 13606, 14183]
[0.0, 13606, 14185]
[0.0, 13606, 14198]
[0.0, 13606, 14216]
[0.0, 13606, 14243]
[0.0, 13606, 14244]
[0.0, 13606, 14248]
[0.0, 13606, 14250]
[0.0, 13606, 14251]
[0.0, 13606, 14255]
[0.0, 13606, 14326]
[0.0, 13606, 14333]
[0.0, 13606, 14373]
[0.0, 13606, 14379]
[0.0, 13606, 14398]
[0.0, 13606, 14426]
[0.0, 13606, 14434]
[0.0, 13606, 14439]
[0.0, 13606, 14455]
[0.0, 13606, 14470]
[0.0, 13606, 14486]
[0.0, 13606, 14512]
[0.0, 13606, 14522]
[0.0, 13606, 14525]
[0.0, 13606, 14542]
[0.0, 13606, 14543]
[0.0, 13606, 14565]
[0.0, 13606, 14569]
[0.0, 13606, 14573]
[0.0, 13606, 14586]
[0.0, 13606, 14587]
[0.0, 13606, 14588]
[0.0, 13606, 14621]
[0.0, 13606, 14629]
[0.0, 13606, 14676]
[0.0, 13606, 14704]
[0.0, 13606, 14747]
[0.0, 13606, 14762]
[0.0, 13606, 14814]
[0.0, 13606, 14815]
[0.0, 13606, 14864]
[0.0, 13606, 14873]
[0.0, 13606, 14890]
[0.0, 13606, 14904]
[0.0, 13606, 14919]
[0.0, 13606, 14983]
[0.0, 13606, 14990]
[0.0, 13606, 14991]
[0.0, 13606, 14992]
[0.0, 13606, 14996]
[0.0, 13610, 13611]
[0.0, 13613, 13614]
[0.0, 13632, 13633]
[0.0, 13632, 13634]
[0.0, 13633, 13634]
[0.0, 13638, 13639]
[0.0, 13649, 13652]
[0.0, 13649, 13655]
[0.0, 13649, 13677]
[0.0, 13649, 13692]
[0.0, 13649, 13696]
[0.0, 13649, 13745]
[0.0, 13649, 13748]
[0.0, 13649, 13751]
[0.0, 13649, 13778]
[0.0, 13649, 13784]
[0.0, 13649, 13791]
[0.0, 13649, 13811]
[0.0, 13649, 13848]
[0.0, 13649, 13849]
[0.0, 13649, 13857]
[0.0, 13649, 13885]
[0.0, 13649, 13956]
[0.0, 13649, 13977]
[0.0, 13649, 13995]
[0.0, 13649, 14017]
[0.0, 13649, 14056]
[0.0, 13649, 14057]
[0.0, 13649, 14082]
[0.0, 13649, 14083]
[0.0, 13649, 14084]
[0.0, 13649, 14131]
[0.0, 13649, 14141]
[0.0, 13649, 14152]
[0.0, 13649, 14182]
[0.0, 13649, 14183]
[0.0, 13649, 14185]
[0.0, 13649, 14198]
[0.0, 13649, 14216]
[0.0, 13649, 14243]
[0.0, 13649, 14244]
[0.0, 13649, 14248]
[0.0, 13649, 14250]
[0.0, 13649, 14251]
[0.0, 13649, 14255]
[0.0, 13649, 14326]
[0.0, 13649, 14333]
[0.0, 13649, 14373]
[0.0, 13649, 14379]
[0.0, 13649, 14398]
[0.0, 13649, 14426]
[0.0, 13649, 14434]
[0.0, 13649, 14439]
[0.0, 13649, 14455]
[0.0, 13649, 14470]
[0.0, 13649, 14486]
[0.0, 13649, 14512]
[0.0, 13649, 14522]
[0.0, 13649, 14525]
[0.0, 13649, 14542]
[0.0, 13649, 14543]
[0.0, 13649, 14565]
[0.0, 13649, 14569]
[0.0, 13649, 14573]
[0.0, 13649, 14586]
[0.0, 13649, 14587]
[0.0, 13649, 14588]
[0.0, 13649, 14621]
[0.0, 13649, 14629]
[0.0, 13649, 14676]
[0.0, 13649, 14704]
[0.0, 13649, 14747]
[0.0, 13649, 14762]
[0.0, 13649, 14814]
[0.0, 13649, 14815]
[0.0, 13649, 14864]
[0.0, 13649, 14873]
[0.0, 13649, 14890]
[0.0, 13649, 14904]
[0.0, 13649, 14919]
[0.0, 13649, 14983]
[0.0, 13649, 14990]
[0.0, 13649, 14991]
[0.0, 13649, 14992]
[0.0, 13649, 14996]
[0.0, 13652, 13655]
[0.0, 13652, 13677]
[0.0, 13652, 13692]
[0.0, 13652, 13696]
[0.0, 13652, 13745]
[0.0, 13652, 13748]
[0.0, 13652, 13751]
[0.0, 13652, 13778]
[0.0, 13652, 13784]
[0.0, 13652, 13791]
[0.0, 13652, 13811]
[0.0, 13652, 13848]
[0.0, 13652, 13849]
[0.0, 13652, 13857]
[0.0, 13652, 13885]
[0.0, 13652, 13956]
[0.0, 13652, 13977]
[0.0, 13652, 13995]
[0.0, 13652, 14017]
[0.0, 13652, 14056]
[0.0, 13652, 14057]
[0.0, 13652, 14082]
[0.0, 13652, 14083]
[0.0, 13652, 14084]
[0.0, 13652, 14131]
[0.0, 13652, 14141]
[0.0, 13652, 14152]
[0.0, 13652, 14182]
[0.0, 13652, 14183]
[0.0, 13652, 14185]
[0.0, 13652, 14198]
[0.0, 13652, 14216]
[0.0, 13652, 14243]
[0.0, 13652, 14244]
[0.0, 13652, 14248]
[0.0, 13652, 14250]
[0.0, 13652, 14251]
[0.0, 13652, 14255]
[0.0, 13652, 14326]
[0.0, 13652, 14333]
[0.0, 13652, 14373]
[0.0, 13652, 14379]
[0.0, 13652, 14398]
[0.0, 13652, 14426]
[0.0, 13652, 14434]
[0.0, 13652, 14439]
[0.0, 13652, 14455]
[0.0, 13652, 14470]
[0.0, 13652, 14486]
[0.0, 13652, 14512]
[0.0, 13652, 14522]
[0.0, 13652, 14525]
[0.0, 13652, 14542]
[0.0, 13652, 14543]
[0.0, 13652, 14565]
[0.0, 13652, 14569]
[0.0, 13652, 14573]
[0.0, 13652, 14586]
[0.0, 13652, 14587]
[0.0, 13652, 14588]
[0.0, 13652, 14621]
[0.0, 13652, 14629]
[0.0, 13652, 14676]
[0.0, 13652, 14704]
[0.0, 13652, 14747]
[0.0, 13652, 14762]
[0.0, 13652, 14814]
[0.0, 13652, 14815]
[0.0, 13652, 14864]
[0.0, 13652, 14873]
[0.0, 13652, 14890]
[0.0, 13652, 14904]
[0.0, 13652, 14919]
[0.0, 13652, 14983]
[0.0, 13652, 14990]
[0.0, 13652, 14991]
[0.0, 13652, 14992]
[0.0, 13652, 14996]
[0.0, 13655, 13677]
[0.0, 13655, 13692]
[0.0, 13655, 13696]
[0.0, 13655, 13745]
[0.0, 13655, 13748]
[0.0, 13655, 13751]
[0.0, 13655, 13778]
[0.0, 13655, 13784]
[0.0, 13655, 13791]
[0.0, 13655, 13811]
[0.0, 13655, 13848]
[0.0, 13655, 13849]
[0.0, 13655, 13857]
[0.0, 13655, 13885]
[0.0, 13655, 13956]
[0.0, 13655, 13977]
[0.0, 13655, 13995]
[0.0, 13655, 14017]
[0.0, 13655, 14056]
[0.0, 13655, 14057]
[0.0, 13655, 14082]
[0.0, 13655, 14083]
[0.0, 13655, 14084]
[0.0, 13655, 14131]
[0.0, 13655, 14141]
[0.0, 13655, 14152]
[0.0, 13655, 14182]
[0.0, 13655, 14183]
[0.0, 13655, 14185]
[0.0, 13655, 14198]
[0.0, 13655, 14216]
[0.0, 13655, 14243]
[0.0, 13655, 14244]
[0.0, 13655, 14248]
[0.0, 13655, 14250]
[0.0, 13655, 14251]
[0.0, 13655, 14255]
[0.0, 13655, 14326]
[0.0, 13655, 14333]
[0.0, 13655, 14373]
[0.0, 13655, 14379]
[0.0, 13655, 14398]
[0.0, 13655, 14426]
[0.0, 13655, 14434]
[0.0, 13655, 14439]
[0.0, 13655, 14455]
[0.0, 13655, 14470]
[0.0, 13655, 14486]
[0.0, 13655, 14512]
[0.0, 13655, 14522]
[0.0, 13655, 14525]
[0.0, 13655, 14542]
[0.0, 13655, 14543]
[0.0, 13655, 14565]
[0.0, 13655, 14569]
[0.0, 13655, 14573]
[0.0, 13655, 14586]
[0.0, 13655, 14587]
[0.0, 13655, 14588]
[0.0, 13655, 14621]
[0.0, 13655, 14629]
[0.0, 13655, 14676]
[0.0, 13655, 14704]
[0.0, 13655, 14747]
[0.0, 13655, 14762]
[0.0, 13655, 14814]
[0.0, 13655, 14815]
[0.0, 13655, 14864]
[0.0, 13655, 14873]
[0.0, 13655, 14890]
[0.0, 13655, 14904]
[0.0, 13655, 14919]
[0.0, 13655, 14983]
[0.0, 13655, 14990]
[0.0, 13655, 14991]
[0.0, 13655, 14992]
[0.0, 13655, 14996]
[0.0, 13661, 13662]
[0.0, 13674, 13675]
[0.0, 13677, 13692]
[0.0, 13677, 13696]
[0.0, 13677, 13745]
[0.0, 13677, 13748]
[0.0, 13677, 13751]
[0.0, 13677, 13778]
[0.0, 13677, 13784]
[0.0, 13677, 13791]
[0.0, 13677, 13811]
[0.0, 13677, 13848]
[0.0, 13677, 13849]
[0.0, 13677, 13857]
[0.0, 13677, 13885]
[0.0, 13677, 13956]
[0.0, 13677, 13977]
[0.0, 13677, 13995]
[0.0, 13677, 14017]
[0.0, 13677, 14056]
[0.0, 13677, 14057]
[0.0, 13677, 14082]
[0.0, 13677, 14083]
[0.0, 13677, 14084]
[0.0, 13677, 14131]
[0.0, 13677, 14141]
[0.0, 13677, 14152]
[0.0, 13677, 14182]
[0.0, 13677, 14183]
[0.0, 13677, 14185]
[0.0, 13677, 14198]
[0.0, 13677, 14216]
[0.0, 13677, 14243]
[0.0, 13677, 14244]
[0.0, 13677, 14248]
[0.0, 13677, 14250]
[0.0, 13677, 14251]
[0.0, 13677, 14255]
[0.0, 13677, 14326]
[0.0, 13677, 14333]
[0.0, 13677, 14373]
[0.0, 13677, 14379]
[0.0, 13677, 14398]
[0.0, 13677, 14426]
[0.0, 13677, 14434]
[0.0, 13677, 14439]
[0.0, 13677, 14455]
[0.0, 13677, 14470]
[0.0, 13677, 14486]
[0.0, 13677, 14512]
[0.0, 13677, 14522]
[0.0, 13677, 14525]
[0.0, 13677, 14542]
[0.0, 13677, 14543]
[0.0, 13677, 14565]
[0.0, 13677, 14569]
[0.0, 13677, 14573]
[0.0, 13677, 14586]
[0.0, 13677, 14587]
[0.0, 13677, 14588]
[0.0, 13677, 14621]
[0.0, 13677, 14629]
[0.0, 13677, 14676]
[0.0, 13677, 14704]
[0.0, 13677, 14747]
[0.0, 13677, 14762]
[0.0, 13677, 14814]
[0.0, 13677, 14815]
[0.0, 13677, 14864]
[0.0, 13677, 14873]
[0.0, 13677, 14890]
[0.0, 13677, 14904]
[0.0, 13677, 14919]
[0.0, 13677, 14983]
[0.0, 13677, 14990]
[0.0, 13677, 14991]
[0.0, 13677, 14992]
[0.0, 13677, 14996]
[0.0, 13692, 13696]
[0.0, 13692, 13745]
[0.0, 13692, 13748]
[0.0, 13692, 13751]
[0.0, 13692, 13778]
[0.0, 13692, 13784]
[0.0, 13692, 13791]
[0.0, 13692, 13811]
[0.0, 13692, 13848]
[0.0, 13692, 13849]
[0.0, 13692, 13857]
[0.0, 13692, 13885]
[0.0, 13692, 13956]
[0.0, 13692, 13977]
[0.0, 13692, 13995]
[0.0, 13692, 14017]
[0.0, 13692, 14056]
[0.0, 13692, 14057]
[0.0, 13692, 14082]
[0.0, 13692, 14083]
[0.0, 13692, 14084]
[0.0, 13692, 14131]
[0.0, 13692, 14141]
[0.0, 13692, 14152]
[0.0, 13692, 14182]
[0.0, 13692, 14183]
[0.0, 13692, 14185]
[0.0, 13692, 14198]
[0.0, 13692, 14216]
[0.0, 13692, 14243]
[0.0, 13692, 14244]
[0.0, 13692, 14248]
[0.0, 13692, 14250]
[0.0, 13692, 14251]
[0.0, 13692, 14255]
[0.0, 13692, 14326]
[0.0, 13692, 14333]
[0.0, 13692, 14373]
[0.0, 13692, 14379]
[0.0, 13692, 14398]
[0.0, 13692, 14426]
[0.0, 13692, 14434]
[0.0, 13692, 14439]
[0.0, 13692, 14455]
[0.0, 13692, 14470]
[0.0, 13692, 14486]
[0.0, 13692, 14512]
[0.0, 13692, 14522]
[0.0, 13692, 14525]
[0.0, 13692, 14542]
[0.0, 13692, 14543]
[0.0, 13692, 14565]
[0.0, 13692, 14569]
[0.0, 13692, 14573]
[0.0, 13692, 14586]
[0.0, 13692, 14587]
[0.0, 13692, 14588]
[0.0, 13692, 14621]
[0.0, 13692, 14629]
[0.0, 13692, 14676]
[0.0, 13692, 14704]
[0.0, 13692, 14747]
[0.0, 13692, 14762]
[0.0, 13692, 14814]
[0.0, 13692, 14815]
[0.0, 13692, 14864]
[0.0, 13692, 14873]
[0.0, 13692, 14890]
[0.0, 13692, 14904]
[0.0, 13692, 14919]
[0.0, 13692, 14983]
[0.0, 13692, 14990]
[0.0, 13692, 14991]
[0.0, 13692, 14992]
[0.0, 13692, 14996]
[0.0, 13696, 13745]
[0.0, 13696, 13748]
[0.0, 13696, 13751]
[0.0, 13696, 13778]
[0.0, 13696, 13784]
[0.0, 13696, 13791]
[0.0, 13696, 13811]
[0.0, 13696, 13848]
[0.0, 13696, 13849]
[0.0, 13696, 13857]
[0.0, 13696, 13885]
[0.0, 13696, 13956]
[0.0, 13696, 13977]
[0.0, 13696, 13995]
[0.0, 13696, 14017]
[0.0, 13696, 14056]
[0.0, 13696, 14057]
[0.0, 13696, 14082]
[0.0, 13696, 14083]
[0.0, 13696, 14084]
[0.0, 13696, 14131]
[0.0, 13696, 14141]
[0.0, 13696, 14152]
[0.0, 13696, 14182]
[0.0, 13696, 14183]
[0.0, 13696, 14185]
[0.0, 13696, 14198]
[0.0, 13696, 14216]
[0.0, 13696, 14243]
[0.0, 13696, 14244]
[0.0, 13696, 14248]
[0.0, 13696, 14250]
[0.0, 13696, 14251]
[0.0, 13696, 14255]
[0.0, 13696, 14326]
[0.0, 13696, 14333]
[0.0, 13696, 14373]
[0.0, 13696, 14379]
[0.0, 13696, 14398]
[0.0, 13696, 14426]
[0.0, 13696, 14434]
[0.0, 13696, 14439]
[0.0, 13696, 14455]
[0.0, 13696, 14470]
[0.0, 13696, 14486]
[0.0, 13696, 14512]
[0.0, 13696, 14522]
[0.0, 13696, 14525]
[0.0, 13696, 14542]
[0.0, 13696, 14543]
[0.0, 13696, 14565]
[0.0, 13696, 14569]
[0.0, 13696, 14573]
[0.0, 13696, 14586]
[0.0, 13696, 14587]
[0.0, 13696, 14588]
[0.0, 13696, 14621]
[0.0, 13696, 14629]
[0.0, 13696, 14676]
[0.0, 13696, 14704]
[0.0, 13696, 14747]
[0.0, 13696, 14762]
[0.0, 13696, 14814]
[0.0, 13696, 14815]
[0.0, 13696, 14864]
[0.0, 13696, 14873]
[0.0, 13696, 14890]
[0.0, 13696, 14904]
[0.0, 13696, 14919]
[0.0, 13696, 14983]
[0.0, 13696, 14990]
[0.0, 13696, 14991]
[0.0, 13696, 14992]
[0.0, 13696, 14996]
[0.0, 13711, 13712]
[0.0, 13727, 13728]
[0.0, 13732, 13733]
[0.0, 13737, 13738]
[0.0, 13745, 13748]
[0.0, 13745, 13751]
[0.0, 13745, 13778]
[0.0, 13745, 13784]
[0.0, 13745, 13791]
[0.0, 13745, 13811]
[0.0, 13745, 13848]
[0.0, 13745, 13849]
[0.0, 13745, 13857]
[0.0, 13745, 13885]
[0.0, 13745, 13956]
[0.0, 13745, 13977]
[0.0, 13745, 13995]
[0.0, 13745, 14017]
[0.0, 13745, 14056]
[0.0, 13745, 14057]
[0.0, 13745, 14082]
[0.0, 13745, 14083]
[0.0, 13745, 14084]
[0.0, 13745, 14131]
[0.0, 13745, 14141]
[0.0, 13745, 14152]
[0.0, 13745, 14182]
[0.0, 13745, 14183]
[0.0, 13745, 14185]
[0.0, 13745, 14198]
[0.0, 13745, 14216]
[0.0, 13745, 14243]
[0.0, 13745, 14244]
[0.0, 13745, 14248]
[0.0, 13745, 14250]
[0.0, 13745, 14251]
[0.0, 13745, 14255]
[0.0, 13745, 14326]
[0.0, 13745, 14333]
[0.0, 13745, 14373]
[0.0, 13745, 14379]
[0.0, 13745, 14398]
[0.0, 13745, 14426]
[0.0, 13745, 14434]
[0.0, 13745, 14439]
[0.0, 13745, 14455]
[0.0, 13745, 14470]
[0.0, 13745, 14486]
[0.0, 13745, 14512]
[0.0, 13745, 14522]
[0.0, 13745, 14525]
[0.0, 13745, 14542]
[0.0, 13745, 14543]
[0.0, 13745, 14565]
[0.0, 13745, 14569]
[0.0, 13745, 14573]
[0.0, 13745, 14586]
[0.0, 13745, 14587]
[0.0, 13745, 14588]
[0.0, 13745, 14621]
[0.0, 13745, 14629]
[0.0, 13745, 14676]
[0.0, 13745, 14704]
[0.0, 13745, 14747]
[0.0, 13745, 14762]
[0.0, 13745, 14814]
[0.0, 13745, 14815]
[0.0, 13745, 14864]
[0.0, 13745, 14873]
[0.0, 13745, 14890]
[0.0, 13745, 14904]
[0.0, 13745, 14919]
[0.0, 13745, 14983]
[0.0, 13745, 14990]
[0.0, 13745, 14991]
[0.0, 13745, 14992]
[0.0, 13745, 14996]
[0.0, 13748, 13751]
[0.0, 13748, 13778]
[0.0, 13748, 13784]
[0.0, 13748, 13791]
[0.0, 13748, 13811]
[0.0, 13748, 13848]
[0.0, 13748, 13849]
[0.0, 13748, 13857]
[0.0, 13748, 13885]
[0.0, 13748, 13956]
[0.0, 13748, 13977]
[0.0, 13748, 13995]
[0.0, 13748, 14017]
[0.0, 13748, 14056]
[0.0, 13748, 14057]
[0.0, 13748, 14082]
[0.0, 13748, 14083]
[0.0, 13748, 14084]
[0.0, 13748, 14131]
[0.0, 13748, 14141]
[0.0, 13748, 14152]
[0.0, 13748, 14182]
[0.0, 13748, 14183]
[0.0, 13748, 14185]
[0.0, 13748, 14198]
[0.0, 13748, 14216]
[0.0, 13748, 14243]
[0.0, 13748, 14244]
[0.0, 13748, 14248]
[0.0, 13748, 14250]
[0.0, 13748, 14251]
[0.0, 13748, 14255]
[0.0, 13748, 14326]
[0.0, 13748, 14333]
[0.0, 13748, 14373]
[0.0, 13748, 14379]
[0.0, 13748, 14398]
[0.0, 13748, 14426]
[0.0, 13748, 14434]
[0.0, 13748, 14439]
[0.0, 13748, 14455]
[0.0, 13748, 14470]
[0.0, 13748, 14486]
[0.0, 13748, 14512]
[0.0, 13748, 14522]
[0.0, 13748, 14525]
[0.0, 13748, 14542]
[0.0, 13748, 14543]
[0.0, 13748, 14565]
[0.0, 13748, 14569]
[0.0, 13748, 14573]
[0.0, 13748, 14586]
[0.0, 13748, 14587]
[0.0, 13748, 14588]
[0.0, 13748, 14621]
[0.0, 13748, 14629]
[0.0, 13748, 14676]
[0.0, 13748, 14704]
[0.0, 13748, 14747]
[0.0, 13748, 14762]
[0.0, 13748, 14814]
[0.0, 13748, 14815]
[0.0, 13748, 14864]
[0.0, 13748, 14873]
[0.0, 13748, 14890]
[0.0, 13748, 14904]
[0.0, 13748, 14919]
[0.0, 13748, 14983]
[0.0, 13748, 14990]
[0.0, 13748, 14991]
[0.0, 13748, 14992]
[0.0, 13748, 14996]
[0.0, 13751, 13778]
[0.0, 13751, 13784]
[0.0, 13751, 13791]
[0.0, 13751, 13811]
[0.0, 13751, 13848]
[0.0, 13751, 13849]
[0.0, 13751, 13857]
[0.0, 13751, 13885]
[0.0, 13751, 13956]
[0.0, 13751, 13977]
[0.0, 13751, 13995]
[0.0, 13751, 14017]
[0.0, 13751, 14056]
[0.0, 13751, 14057]
[0.0, 13751, 14082]
[0.0, 13751, 14083]
[0.0, 13751, 14084]
[0.0, 13751, 14131]
[0.0, 13751, 14141]
[0.0, 13751, 14152]
[0.0, 13751, 14182]
[0.0, 13751, 14183]
[0.0, 13751, 14185]
[0.0, 13751, 14198]
[0.0, 13751, 14216]
[0.0, 13751, 14243]
[0.0, 13751, 14244]
[0.0, 13751, 14248]
[0.0, 13751, 14250]
[0.0, 13751, 14251]
[0.0, 13751, 14255]
[0.0, 13751, 14326]
[0.0, 13751, 14333]
[0.0, 13751, 14373]
[0.0, 13751, 14379]
[0.0, 13751, 14398]
[0.0, 13751, 14426]
[0.0, 13751, 14434]
[0.0, 13751, 14439]
[0.0, 13751, 14455]
[0.0, 13751, 14470]
[0.0, 13751, 14486]
[0.0, 13751, 14512]
[0.0, 13751, 14522]
[0.0, 13751, 14525]
[0.0, 13751, 14542]
[0.0, 13751, 14543]
[0.0, 13751, 14565]
[0.0, 13751, 14569]
[0.0, 13751, 14573]
[0.0, 13751, 14586]
[0.0, 13751, 14587]
[0.0, 13751, 14588]
[0.0, 13751, 14621]
[0.0, 13751, 14629]
[0.0, 13751, 14676]
[0.0, 13751, 14704]
[0.0, 13751, 14747]
[0.0, 13751, 14762]
[0.0, 13751, 14814]
[0.0, 13751, 14815]
[0.0, 13751, 14864]
[0.0, 13751, 14873]
[0.0, 13751, 14890]
[0.0, 13751, 14904]
[0.0, 13751, 14919]
[0.0, 13751, 14983]
[0.0, 13751, 14990]
[0.0, 13751, 14991]
[0.0, 13751, 14992]
[0.0, 13751, 14996]
[0.0, 13753, 13754]
[0.0, 13778, 13784]
[0.0, 13778, 13791]
[0.0, 13778, 13811]
[0.0, 13778, 13848]
[0.0, 13778, 13849]
[0.0, 13778, 13857]
[0.0, 13778, 13885]
[0.0, 13778, 13956]
[0.0, 13778, 13977]
[0.0, 13778, 13995]
[0.0, 13778, 14017]
[0.0, 13778, 14056]
[0.0, 13778, 14057]
[0.0, 13778, 14082]
[0.0, 13778, 14083]
[0.0, 13778, 14084]
[0.0, 13778, 14131]
[0.0, 13778, 14141]
[0.0, 13778, 14152]
[0.0, 13778, 14182]
[0.0, 13778, 14183]
[0.0, 13778, 14185]
[0.0, 13778, 14198]
[0.0, 13778, 14216]
[0.0, 13778, 14243]
[0.0, 13778, 14244]
[0.0, 13778, 14248]
[0.0, 13778, 14250]
[0.0, 13778, 14251]
[0.0, 13778, 14255]
[0.0, 13778, 14326]
[0.0, 13778, 14333]
[0.0, 13778, 14373]
[0.0, 13778, 14379]
[0.0, 13778, 14398]
[0.0, 13778, 14426]
[0.0, 13778, 14434]
[0.0, 13778, 14439]
[0.0, 13778, 14455]
[0.0, 13778, 14470]
[0.0, 13778, 14486]
[0.0, 13778, 14512]
[0.0, 13778, 14522]
[0.0, 13778, 14525]
[0.0, 13778, 14542]
[0.0, 13778, 14543]
[0.0, 13778, 14565]
[0.0, 13778, 14569]
[0.0, 13778, 14573]
[0.0, 13778, 14586]
[0.0, 13778, 14587]
[0.0, 13778, 14588]
[0.0, 13778, 14621]
[0.0, 13778, 14629]
[0.0, 13778, 14676]
[0.0, 13778, 14704]
[0.0, 13778, 14747]
[0.0, 13778, 14762]
[0.0, 13778, 14814]
[0.0, 13778, 14815]
[0.0, 13778, 14864]
[0.0, 13778, 14873]
[0.0, 13778, 14890]
[0.0, 13778, 14904]
[0.0, 13778, 14919]
[0.0, 13778, 14983]
[0.0, 13778, 14990]
[0.0, 13778, 14991]
[0.0, 13778, 14992]
[0.0, 13778, 14996]
[0.0, 13784, 13791]
[0.0, 13784, 13811]
[0.0, 13784, 13848]
[0.0, 13784, 13849]
[0.0, 13784, 13857]
[0.0, 13784, 13885]
[0.0, 13784, 13956]
[0.0, 13784, 13977]
[0.0, 13784, 13995]
[0.0, 13784, 14017]
[0.0, 13784, 14056]
[0.0, 13784, 14057]
[0.0, 13784, 14082]
[0.0, 13784, 14083]
[0.0, 13784, 14084]
[0.0, 13784, 14131]
[0.0, 13784, 14141]
[0.0, 13784, 14152]
[0.0, 13784, 14182]
[0.0, 13784, 14183]
[0.0, 13784, 14185]
[0.0, 13784, 14198]
[0.0, 13784, 14216]
[0.0, 13784, 14243]
[0.0, 13784, 14244]
[0.0, 13784, 14248]
[0.0, 13784, 14250]
[0.0, 13784, 14251]
[0.0, 13784, 14255]
[0.0, 13784, 14326]
[0.0, 13784, 14333]
[0.0, 13784, 14373]
[0.0, 13784, 14379]
[0.0, 13784, 14398]
[0.0, 13784, 14426]
[0.0, 13784, 14434]
[0.0, 13784, 14439]
[0.0, 13784, 14455]
[0.0, 13784, 14470]
[0.0, 13784, 14486]
[0.0, 13784, 14512]
[0.0, 13784, 14522]
[0.0, 13784, 14525]
[0.0, 13784, 14542]
[0.0, 13784, 14543]
[0.0, 13784, 14565]
[0.0, 13784, 14569]
[0.0, 13784, 14573]
[0.0, 13784, 14586]
[0.0, 13784, 14587]
[0.0, 13784, 14588]
[0.0, 13784, 14621]
[0.0, 13784, 14629]
[0.0, 13784, 14676]
[0.0, 13784, 14704]
[0.0, 13784, 14747]
[0.0, 13784, 14762]
[0.0, 13784, 14814]
[0.0, 13784, 14815]
[0.0, 13784, 14864]
[0.0, 13784, 14873]
[0.0, 13784, 14890]
[0.0, 13784, 14904]
[0.0, 13784, 14919]
[0.0, 13784, 14983]
[0.0, 13784, 14990]
[0.0, 13784, 14991]
[0.0, 13784, 14992]
[0.0, 13784, 14996]
[0.0, 13791, 13811]
[0.0, 13791, 13848]
[0.0, 13791, 13849]
[0.0, 13791, 13857]
[0.0, 13791, 13885]
[0.0, 13791, 13956]
[0.0, 13791, 13977]
[0.0, 13791, 13995]
[0.0, 13791, 14017]
[0.0, 13791, 14056]
[0.0, 13791, 14057]
[0.0, 13791, 14082]
[0.0, 13791, 14083]
[0.0, 13791, 14084]
[0.0, 13791, 14131]
[0.0, 13791, 14141]
[0.0, 13791, 14152]
[0.0, 13791, 14182]
[0.0, 13791, 14183]
[0.0, 13791, 14185]
[0.0, 13791, 14198]
[0.0, 13791, 14216]
[0.0, 13791, 14243]
[0.0, 13791, 14244]
[0.0, 13791, 14248]
[0.0, 13791, 14250]
[0.0, 13791, 14251]
[0.0, 13791, 14255]
[0.0, 13791, 14326]
[0.0, 13791, 14333]
[0.0, 13791, 14373]
[0.0, 13791, 14379]
[0.0, 13791, 14398]
[0.0, 13791, 14426]
[0.0, 13791, 14434]
[0.0, 13791, 14439]
[0.0, 13791, 14455]
[0.0, 13791, 14470]
[0.0, 13791, 14486]
[0.0, 13791, 14512]
[0.0, 13791, 14522]
[0.0, 13791, 14525]
[0.0, 13791, 14542]
[0.0, 13791, 14543]
[0.0, 13791, 14565]
[0.0, 13791, 14569]
[0.0, 13791, 14573]
[0.0, 13791, 14586]
[0.0, 13791, 14587]
[0.0, 13791, 14588]
[0.0, 13791, 14621]
[0.0, 13791, 14629]
[0.0, 13791, 14676]
[0.0, 13791, 14704]
[0.0, 13791, 14747]
[0.0, 13791, 14762]
[0.0, 13791, 14814]
[0.0, 13791, 14815]
[0.0, 13791, 14864]
[0.0, 13791, 14873]
[0.0, 13791, 14890]
[0.0, 13791, 14904]
[0.0, 13791, 14919]
[0.0, 13791, 14983]
[0.0, 13791, 14990]
[0.0, 13791, 14991]
[0.0, 13791, 14992]
[0.0, 13791, 14996]
[0.0, 13792, 13793]
[0.0, 13798, 13799]
[0.0, 13804, 13805]
[0.0, 13807, 13808]
[0.0, 13811, 13848]
[0.0, 13811, 13849]
[0.0, 13811, 13857]
[0.0, 13811, 13885]
[0.0, 13811, 13956]
[0.0, 13811, 13977]
[0.0, 13811, 13995]
[0.0, 13811, 14017]
[0.0, 13811, 14056]
[0.0, 13811, 14057]
[0.0, 13811, 14082]
[0.0, 13811, 14083]
[0.0, 13811, 14084]
[0.0, 13811, 14131]
[0.0, 13811, 14141]
[0.0, 13811, 14152]
[0.0, 13811, 14182]
[0.0, 13811, 14183]
[0.0, 13811, 14185]
[0.0, 13811, 14198]
[0.0, 13811, 14216]
[0.0, 13811, 14243]
[0.0, 13811, 14244]
[0.0, 13811, 14248]
[0.0, 13811, 14250]
[0.0, 13811, 14251]
[0.0, 13811, 14255]
[0.0, 13811, 14326]
[0.0, 13811, 14333]
[0.0, 13811, 14373]
[0.0, 13811, 14379]
[0.0, 13811, 14398]
[0.0, 13811, 14426]
[0.0, 13811, 14434]
[0.0, 13811, 14439]
[0.0, 13811, 14455]
[0.0, 13811, 14470]
[0.0, 13811, 14486]
[0.0, 13811, 14512]
[0.0, 13811, 14522]
[0.0, 13811, 14525]
[0.0, 13811, 14542]
[0.0, 13811, 14543]
[0.0, 13811, 14565]
[0.0, 13811, 14569]
[0.0, 13811, 14573]
[0.0, 13811, 14586]
[0.0, 13811, 14587]
[0.0, 13811, 14588]
[0.0, 13811, 14621]
[0.0, 13811, 14629]
[0.0, 13811, 14676]
[0.0, 13811, 14704]
[0.0, 13811, 14747]
[0.0, 13811, 14762]
[0.0, 13811, 14814]
[0.0, 13811, 14815]
[0.0, 13811, 14864]
[0.0, 13811, 14873]
[0.0, 13811, 14890]
[0.0, 13811, 14904]
[0.0, 13811, 14919]
[0.0, 13811, 14983]
[0.0, 13811, 14990]
[0.0, 13811, 14991]
[0.0, 13811, 14992]
[0.0, 13811, 14996]
[0.0, 13834, 13835]
[0.0, 13839, 13840]
[0.0, 13845, 13846]
[0.0, 13848, 13849]
[0.0, 13848, 13857]
[0.0, 13848, 13885]
[0.0, 13848, 13956]
[0.0, 13848, 13977]
[0.0, 13848, 13995]
[0.0, 13848, 14017]
[0.0, 13848, 14056]
[0.0, 13848, 14057]
[0.0, 13848, 14082]
[0.0, 13848, 14083]
[0.0, 13848, 14084]
[0.0, 13848, 14131]
[0.0, 13848, 14141]
[0.0, 13848, 14152]
[0.0, 13848, 14182]
[0.0, 13848, 14183]
[0.0, 13848, 14185]
[0.0, 13848, 14198]
[0.0, 13848, 14216]
[0.0, 13848, 14243]
[0.0, 13848, 14244]
[0.0, 13848, 14248]
[0.0, 13848, 14250]
[0.0, 13848, 14251]
[0.0, 13848, 14255]
[0.0, 13848, 14326]
[0.0, 13848, 14333]
[0.0, 13848, 14373]
[0.0, 13848, 14379]
[0.0, 13848, 14398]
[0.0, 13848, 14426]
[0.0, 13848, 14434]
[0.0, 13848, 14439]
[0.0, 13848, 14455]
[0.0, 13848, 14470]
[0.0, 13848, 14486]
[0.0, 13848, 14512]
[0.0, 13848, 14522]
[0.0, 13848, 14525]
[0.0, 13848, 14542]
[0.0, 13848, 14543]
[0.0, 13848, 14565]
[0.0, 13848, 14569]
[0.0, 13848, 14573]
[0.0, 13848, 14586]
[0.0, 13848, 14587]
[0.0, 13848, 14588]
[0.0, 13848, 14621]
[0.0, 13848, 14629]
[0.0, 13848, 14676]
[0.0, 13848, 14704]
[0.0, 13848, 14747]
[0.0, 13848, 14762]
[0.0, 13848, 14814]
[0.0, 13848, 14815]
[0.0, 13848, 14864]
[0.0, 13848, 14873]
[0.0, 13848, 14890]
[0.0, 13848, 14904]
[0.0, 13848, 14919]
[0.0, 13848, 14983]
[0.0, 13848, 14990]
[0.0, 13848, 14991]
[0.0, 13848, 14992]
[0.0, 13848, 14996]
[0.0, 13849, 13857]
[0.0, 13849, 13885]
[0.0, 13849, 13956]
[0.0, 13849, 13977]
[0.0, 13849, 13995]
[0.0, 13849, 14017]
[0.0, 13849, 14056]
[0.0, 13849, 14057]
[0.0, 13849, 14082]
[0.0, 13849, 14083]
[0.0, 13849, 14084]
[0.0, 13849, 14131]
[0.0, 13849, 14141]
[0.0, 13849, 14152]
[0.0, 13849, 14182]
[0.0, 13849, 14183]
[0.0, 13849, 14185]
[0.0, 13849, 14198]
[0.0, 13849, 14216]
[0.0, 13849, 14243]
[0.0, 13849, 14244]
[0.0, 13849, 14248]
[0.0, 13849, 14250]
[0.0, 13849, 14251]
[0.0, 13849, 14255]
[0.0, 13849, 14326]
[0.0, 13849, 14333]
[0.0, 13849, 14373]
[0.0, 13849, 14379]
[0.0, 13849, 14398]
[0.0, 13849, 14426]
[0.0, 13849, 14434]
[0.0, 13849, 14439]
[0.0, 13849, 14455]
[0.0, 13849, 14470]
[0.0, 13849, 14486]
[0.0, 13849, 14512]
[0.0, 13849, 14522]
[0.0, 13849, 14525]
[0.0, 13849, 14542]
[0.0, 13849, 14543]
[0.0, 13849, 14565]
[0.0, 13849, 14569]
[0.0, 13849, 14573]
[0.0, 13849, 14586]
[0.0, 13849, 14587]
[0.0, 13849, 14588]
[0.0, 13849, 14621]
[0.0, 13849, 14629]
[0.0, 13849, 14676]
[0.0, 13849, 14704]
[0.0, 13849, 14747]
[0.0, 13849, 14762]
[0.0, 13849, 14814]
[0.0, 13849, 14815]
[0.0, 13849, 14864]
[0.0, 13849, 14873]
[0.0, 13849, 14890]
[0.0, 13849, 14904]
[0.0, 13849, 14919]
[0.0, 13849, 14983]
[0.0, 13849, 14990]
[0.0, 13849, 14991]
[0.0, 13849, 14992]
[0.0, 13849, 14996]
[0.0, 13852, 13853]
[0.0, 13857, 13885]
[0.0, 13857, 13956]
[0.0, 13857, 13977]
[0.0, 13857, 13995]
[0.0, 13857, 14017]
[0.0, 13857, 14056]
[0.0, 13857, 14057]
[0.0, 13857, 14082]
[0.0, 13857, 14083]
[0.0, 13857, 14084]
[0.0, 13857, 14131]
[0.0, 13857, 14141]
[0.0, 13857, 14152]
[0.0, 13857, 14182]
[0.0, 13857, 14183]
[0.0, 13857, 14185]
[0.0, 13857, 14198]
[0.0, 13857, 14216]
[0.0, 13857, 14243]
[0.0, 13857, 14244]
[0.0, 13857, 14248]
[0.0, 13857, 14250]
[0.0, 13857, 14251]
[0.0, 13857, 14255]
[0.0, 13857, 14326]
[0.0, 13857, 14333]
[0.0, 13857, 14373]
[0.0, 13857, 14379]
[0.0, 13857, 14398]
[0.0, 13857, 14426]
[0.0, 13857, 14434]
[0.0, 13857, 14439]
[0.0, 13857, 14455]
[0.0, 13857, 14470]
[0.0, 13857, 14486]
[0.0, 13857, 14512]
[0.0, 13857, 14522]
[0.0, 13857, 14525]
[0.0, 13857, 14542]
[0.0, 13857, 14543]
[0.0, 13857, 14565]
[0.0, 13857, 14569]
[0.0, 13857, 14573]
[0.0, 13857, 14586]
[0.0, 13857, 14587]
[0.0, 13857, 14588]
[0.0, 13857, 14621]
[0.0, 13857, 14629]
[0.0, 13857, 14676]
[0.0, 13857, 14704]
[0.0, 13857, 14747]
[0.0, 13857, 14762]
[0.0, 13857, 14814]
[0.0, 13857, 14815]
[0.0, 13857, 14864]
[0.0, 13857, 14873]
[0.0, 13857, 14890]
[0.0, 13857, 14904]
[0.0, 13857, 14919]
[0.0, 13857, 14983]
[0.0, 13857, 14990]
[0.0, 13857, 14991]
[0.0, 13857, 14992]
[0.0, 13857, 14996]
[0.0, 13863, 13864]
[0.0, 13866, 13867]
[0.0, 13870, 13871]
[0.0, 13885, 13956]
[0.0, 13885, 13977]
[0.0, 13885, 13995]
[0.0, 13885, 14017]
[0.0, 13885, 14056]
[0.0, 13885, 14057]
[0.0, 13885, 14082]
[0.0, 13885, 14083]
[0.0, 13885, 14084]
[0.0, 13885, 14131]
[0.0, 13885, 14141]
[0.0, 13885, 14152]
[0.0, 13885, 14182]
[0.0, 13885, 14183]
[0.0, 13885, 14185]
[0.0, 13885, 14198]
[0.0, 13885, 14216]
[0.0, 13885, 14243]
[0.0, 13885, 14244]
[0.0, 13885, 14248]
[0.0, 13885, 14250]
[0.0, 13885, 14251]
[0.0, 13885, 14255]
[0.0, 13885, 14326]
[0.0, 13885, 14333]
[0.0, 13885, 14373]
[0.0, 13885, 14379]
[0.0, 13885, 14398]
[0.0, 13885, 14426]
[0.0, 13885, 14434]
[0.0, 13885, 14439]
[0.0, 13885, 14455]
[0.0, 13885, 14470]
[0.0, 13885, 14486]
[0.0, 13885, 14512]
[0.0, 13885, 14522]
[0.0, 13885, 14525]
[0.0, 13885, 14542]
[0.0, 13885, 14543]
[0.0, 13885, 14565]
[0.0, 13885, 14569]
[0.0, 13885, 14573]
[0.0, 13885, 14586]
[0.0, 13885, 14587]
[0.0, 13885, 14588]
[0.0, 13885, 14621]
[0.0, 13885, 14629]
[0.0, 13885, 14676]
[0.0, 13885, 14704]
[0.0, 13885, 14747]
[0.0, 13885, 14762]
[0.0, 13885, 14814]
[0.0, 13885, 14815]
[0.0, 13885, 14864]
[0.0, 13885, 14873]
[0.0, 13885, 14890]
[0.0, 13885, 14904]
[0.0, 13885, 14919]
[0.0, 13885, 14983]
[0.0, 13885, 14990]
[0.0, 13885, 14991]
[0.0, 13885, 14992]
[0.0, 13885, 14996]
[0.0, 13902, 13903]
[0.0, 13930, 13931]
[0.0, 13932, 13933]
[0.0, 13956, 13977]
[0.0, 13956, 13995]
[0.0, 13956, 14017]
[0.0, 13956, 14056]
[0.0, 13956, 14057]
[0.0, 13956, 14082]
[0.0, 13956, 14083]
[0.0, 13956, 14084]
[0.0, 13956, 14131]
[0.0, 13956, 14141]
[0.0, 13956, 14152]
[0.0, 13956, 14182]
[0.0, 13956, 14183]
[0.0, 13956, 14185]
[0.0, 13956, 14198]
[0.0, 13956, 14216]
[0.0, 13956, 14243]
[0.0, 13956, 14244]
[0.0, 13956, 14248]
[0.0, 13956, 14250]
[0.0, 13956, 14251]
[0.0, 13956, 14255]
[0.0, 13956, 14326]
[0.0, 13956, 14333]
[0.0, 13956, 14373]
[0.0, 13956, 14379]
[0.0, 13956, 14398]
[0.0, 13956, 14426]
[0.0, 13956, 14434]
[0.0, 13956, 14439]
[0.0, 13956, 14455]
[0.0, 13956, 14470]
[0.0, 13956, 14486]
[0.0, 13956, 14512]
[0.0, 13956, 14522]
[0.0, 13956, 14525]
[0.0, 13956, 14542]
[0.0, 13956, 14543]
[0.0, 13956, 14565]
[0.0, 13956, 14569]
[0.0, 13956, 14573]
[0.0, 13956, 14586]
[0.0, 13956, 14587]
[0.0, 13956, 14588]
[0.0, 13956, 14621]
[0.0, 13956, 14629]
[0.0, 13956, 14676]
[0.0, 13956, 14704]
[0.0, 13956, 14747]
[0.0, 13956, 14762]
[0.0, 13956, 14814]
[0.0, 13956, 14815]
[0.0, 13956, 14864]
[0.0, 13956, 14873]
[0.0, 13956, 14890]
[0.0, 13956, 14904]
[0.0, 13956, 14919]
[0.0, 13956, 14983]
[0.0, 13956, 14990]
[0.0, 13956, 14991]
[0.0, 13956, 14992]
[0.0, 13956, 14996]
[0.0, 13968, 13969]
[0.0, 13977, 13995]
[0.0, 13977, 14017]
[0.0, 13977, 14056]
[0.0, 13977, 14057]
[0.0, 13977, 14082]
[0.0, 13977, 14083]
[0.0, 13977, 14084]
[0.0, 13977, 14131]
[0.0, 13977, 14141]
[0.0, 13977, 14152]
[0.0, 13977, 14182]
[0.0, 13977, 14183]
[0.0, 13977, 14185]
[0.0, 13977, 14198]
[0.0, 13977, 14216]
[0.0, 13977, 14243]
[0.0, 13977, 14244]
[0.0, 13977, 14248]
[0.0, 13977, 14250]
[0.0, 13977, 14251]
[0.0, 13977, 14255]
[0.0, 13977, 14326]
[0.0, 13977, 14333]
[0.0, 13977, 14373]
[0.0, 13977, 14379]
[0.0, 13977, 14398]
[0.0, 13977, 14426]
[0.0, 13977, 14434]
[0.0, 13977, 14439]
[0.0, 13977, 14455]
[0.0, 13977, 14470]
[0.0, 13977, 14486]
[0.0, 13977, 14512]
[0.0, 13977, 14522]
[0.0, 13977, 14525]
[0.0, 13977, 14542]
[0.0, 13977, 14543]
[0.0, 13977, 14565]
[0.0, 13977, 14569]
[0.0, 13977, 14573]
[0.0, 13977, 14586]
[0.0, 13977, 14587]
[0.0, 13977, 14588]
[0.0, 13977, 14621]
[0.0, 13977, 14629]
[0.0, 13977, 14676]
[0.0, 13977, 14704]
[0.0, 13977, 14747]
[0.0, 13977, 14762]
[0.0, 13977, 14814]
[0.0, 13977, 14815]
[0.0, 13977, 14864]
[0.0, 13977, 14873]
[0.0, 13977, 14890]
[0.0, 13977, 14904]
[0.0, 13977, 14919]
[0.0, 13977, 14983]
[0.0, 13977, 14990]
[0.0, 13977, 14991]
[0.0, 13977, 14992]
[0.0, 13977, 14996]
[0.0, 13980, 13981]
[0.0, 13995, 14017]
[0.0, 13995, 14056]
[0.0, 13995, 14057]
[0.0, 13995, 14082]
[0.0, 13995, 14083]
[0.0, 13995, 14084]
[0.0, 13995, 14131]
[0.0, 13995, 14141]
[0.0, 13995, 14152]
[0.0, 13995, 14182]
[0.0, 13995, 14183]
[0.0, 13995, 14185]
[0.0, 13995, 14198]
[0.0, 13995, 14216]
[0.0, 13995, 14243]
[0.0, 13995, 14244]
[0.0, 13995, 14248]
[0.0, 13995, 14250]
[0.0, 13995, 14251]
[0.0, 13995, 14255]
[0.0, 13995, 14326]
[0.0, 13995, 14333]
[0.0, 13995, 14373]
[0.0, 13995, 14379]
[0.0, 13995, 14398]
[0.0, 13995, 14426]
[0.0, 13995, 14434]
[0.0, 13995, 14439]
[0.0, 13995, 14455]
[0.0, 13995, 14470]
[0.0, 13995, 14486]
[0.0, 13995, 14512]
[0.0, 13995, 14522]
[0.0, 13995, 14525]
[0.0, 13995, 14542]
[0.0, 13995, 14543]
[0.0, 13995, 14565]
[0.0, 13995, 14569]
[0.0, 13995, 14573]
[0.0, 13995, 14586]
[0.0, 13995, 14587]
[0.0, 13995, 14588]
[0.0, 13995, 14621]
[0.0, 13995, 14629]
[0.0, 13995, 14676]
[0.0, 13995, 14704]
[0.0, 13995, 14747]
[0.0, 13995, 14762]
[0.0, 13995, 14814]
[0.0, 13995, 14815]
[0.0, 13995, 14864]
[0.0, 13995, 14873]
[0.0, 13995, 14890]
[0.0, 13995, 14904]
[0.0, 13995, 14919]
[0.0, 13995, 14983]
[0.0, 13995, 14990]
[0.0, 13995, 14991]
[0.0, 13995, 14992]
[0.0, 13995, 14996]
[0.0, 14000, 14001]
[0.0, 14000, 14002]
[0.0, 14000, 14003]
[0.0, 14001, 14002]
[0.0, 14001, 14003]
[0.0, 14002, 14003]
[0.0, 14017, 14056]
[0.0, 14017, 14057]
[0.0, 14017, 14082]
[0.0, 14017, 14083]
[0.0, 14017, 14084]
[0.0, 14017, 14131]
[0.0, 14017, 14141]
[0.0, 14017, 14152]
[0.0, 14017, 14182]
[0.0, 14017, 14183]
[0.0, 14017, 14185]
[0.0, 14017, 14198]
[0.0, 14017, 14216]
[0.0, 14017, 14243]
[0.0, 14017, 14244]
[0.0, 14017, 14248]
[0.0, 14017, 14250]
[0.0, 14017, 14251]
[0.0, 14017, 14255]
[0.0, 14017, 14326]
[0.0, 14017, 14333]
[0.0, 14017, 14373]
[0.0, 14017, 14379]
[0.0, 14017, 14398]
[0.0, 14017, 14426]
[0.0, 14017, 14434]
[0.0, 14017, 14439]
[0.0, 14017, 14455]
[0.0, 14017, 14470]
[0.0, 14017, 14486]
[0.0, 14017, 14512]
[0.0, 14017, 14522]
[0.0, 14017, 14525]
[0.0, 14017, 14542]
[0.0, 14017, 14543]
[0.0, 14017, 14565]
[0.0, 14017, 14569]
[0.0, 14017, 14573]
[0.0, 14017, 14586]
[0.0, 14017, 14587]
[0.0, 14017, 14588]
[0.0, 14017, 14621]
[0.0, 14017, 14629]
[0.0, 14017, 14676]
[0.0, 14017, 14704]
[0.0, 14017, 14747]
[0.0, 14017, 14762]
[0.0, 14017, 14814]
[0.0, 14017, 14815]
[0.0, 14017, 14864]
[0.0, 14017, 14873]
[0.0, 14017, 14890]
[0.0, 14017, 14904]
[0.0, 14017, 14919]
[0.0, 14017, 14983]
[0.0, 14017, 14990]
[0.0, 14017, 14991]
[0.0, 14017, 14992]
[0.0, 14017, 14996]
[0.0, 14028, 14029]
[0.0, 14038, 14039]
[0.0, 14044, 14045]
[0.0, 14044, 14046]
[0.0, 14045, 14046]
[0.0, 14048, 14049]
[0.0, 14056, 14057]
[0.0, 14056, 14082]
[0.0, 14056, 14083]
[0.0, 14056, 14084]
[0.0, 14056, 14131]
[0.0, 14056, 14141]
[0.0, 14056, 14152]
[0.0, 14056, 14182]
[0.0, 14056, 14183]
[0.0, 14056, 14185]
[0.0, 14056, 14198]
[0.0, 14056, 14216]
[0.0, 14056, 14243]
[0.0, 14056, 14244]
[0.0, 14056, 14248]
[0.0, 14056, 14250]
[0.0, 14056, 14251]
[0.0, 14056, 14255]
[0.0, 14056, 14326]
[0.0, 14056, 14333]
[0.0, 14056, 14373]
[0.0, 14056, 14379]
[0.0, 14056, 14398]
[0.0, 14056, 14426]
[0.0, 14056, 14434]
[0.0, 14056, 14439]
[0.0, 14056, 14455]
[0.0, 14056, 14470]
[0.0, 14056, 14486]
[0.0, 14056, 14512]
[0.0, 14056, 14522]
[0.0, 14056, 14525]
[0.0, 14056, 14542]
[0.0, 14056, 14543]
[0.0, 14056, 14565]
[0.0, 14056, 14569]
[0.0, 14056, 14573]
[0.0, 14056, 14586]
[0.0, 14056, 14587]
[0.0, 14056, 14588]
[0.0, 14056, 14621]
[0.0, 14056, 14629]
[0.0, 14056, 14676]
[0.0, 14056, 14704]
[0.0, 14056, 14747]
[0.0, 14056, 14762]
[0.0, 14056, 14814]
[0.0, 14056, 14815]
[0.0, 14056, 14864]
[0.0, 14056, 14873]
[0.0, 14056, 14890]
[0.0, 14056, 14904]
[0.0, 14056, 14919]
[0.0, 14056, 14983]
[0.0, 14056, 14990]
[0.0, 14056, 14991]
[0.0, 14056, 14992]
[0.0, 14056, 14996]
[0.0, 14057, 14082]
[0.0, 14057, 14083]
[0.0, 14057, 14084]
[0.0, 14057, 14131]
[0.0, 14057, 14141]
[0.0, 14057, 14152]
[0.0, 14057, 14182]
[0.0, 14057, 14183]
[0.0, 14057, 14185]
[0.0, 14057, 14198]
[0.0, 14057, 14216]
[0.0, 14057, 14243]
[0.0, 14057, 14244]
[0.0, 14057, 14248]
[0.0, 14057, 14250]
[0.0, 14057, 14251]
[0.0, 14057, 14255]
[0.0, 14057, 14326]
[0.0, 14057, 14333]
[0.0, 14057, 14373]
[0.0, 14057, 14379]
[0.0, 14057, 14398]
[0.0, 14057, 14426]
[0.0, 14057, 14434]
[0.0, 14057, 14439]
[0.0, 14057, 14455]
[0.0, 14057, 14470]
[0.0, 14057, 14486]
[0.0, 14057, 14512]
[0.0, 14057, 14522]
[0.0, 14057, 14525]
[0.0, 14057, 14542]
[0.0, 14057, 14543]
[0.0, 14057, 14565]
[0.0, 14057, 14569]
[0.0, 14057, 14573]
[0.0, 14057, 14586]
[0.0, 14057, 14587]
[0.0, 14057, 14588]
[0.0, 14057, 14621]
[0.0, 14057, 14629]
[0.0, 14057, 14676]
[0.0, 14057, 14704]
[0.0, 14057, 14747]
[0.0, 14057, 14762]
[0.0, 14057, 14814]
[0.0, 14057, 14815]
[0.0, 14057, 14864]
[0.0, 14057, 14873]
[0.0, 14057, 14890]
[0.0, 14057, 14904]
[0.0, 14057, 14919]
[0.0, 14057, 14983]
[0.0, 14057, 14990]
[0.0, 14057, 14991]
[0.0, 14057, 14992]
[0.0, 14057, 14996]
[0.0, 14062, 14063]
[0.0, 14072, 14073]
[0.0, 14082, 14083]
[0.0, 14082, 14084]
[0.0, 14082, 14131]
[0.0, 14082, 14141]
[0.0, 14082, 14152]
[0.0, 14082, 14182]
[0.0, 14082, 14183]
[0.0, 14082, 14185]
[0.0, 14082, 14198]
[0.0, 14082, 14216]
[0.0, 14082, 14243]
[0.0, 14082, 14244]
[0.0, 14082, 14248]
[0.0, 14082, 14250]
[0.0, 14082, 14251]
[0.0, 14082, 14255]
[0.0, 14082, 14326]
[0.0, 14082, 14333]
[0.0, 14082, 14373]
[0.0, 14082, 14379]
[0.0, 14082, 14398]
[0.0, 14082, 14426]
[0.0, 14082, 14434]
[0.0, 14082, 14439]
[0.0, 14082, 14455]
[0.0, 14082, 14470]
[0.0, 14082, 14486]
[0.0, 14082, 14512]
[0.0, 14082, 14522]
[0.0, 14082, 14525]
[0.0, 14082, 14542]
[0.0, 14082, 14543]
[0.0, 14082, 14565]
[0.0, 14082, 14569]
[0.0, 14082, 14573]
[0.0, 14082, 14586]
[0.0, 14082, 14587]
[0.0, 14082, 14588]
[0.0, 14082, 14621]
[0.0, 14082, 14629]
[0.0, 14082, 14676]
[0.0, 14082, 14704]
[0.0, 14082, 14747]
[0.0, 14082, 14762]
[0.0, 14082, 14814]
[0.0, 14082, 14815]
[0.0, 14082, 14864]
[0.0, 14082, 14873]
[0.0, 14082, 14890]
[0.0, 14082, 14904]
[0.0, 14082, 14919]
[0.0, 14082, 14983]
[0.0, 14082, 14990]
[0.0, 14082, 14991]
[0.0, 14082, 14992]
[0.0, 14082, 14996]
[0.0, 14083, 14084]
[0.0, 14083, 14131]
[0.0, 14083, 14141]
[0.0, 14083, 14152]
[0.0, 14083, 14182]
[0.0, 14083, 14183]
[0.0, 14083, 14185]
[0.0, 14083, 14198]
[0.0, 14083, 14216]
[0.0, 14083, 14243]
[0.0, 14083, 14244]
[0.0, 14083, 14248]
[0.0, 14083, 14250]
[0.0, 14083, 14251]
[0.0, 14083, 14255]
[0.0, 14083, 14326]
[0.0, 14083, 14333]
[0.0, 14083, 14373]
[0.0, 14083, 14379]
[0.0, 14083, 14398]
[0.0, 14083, 14426]
[0.0, 14083, 14434]
[0.0, 14083, 14439]
[0.0, 14083, 14455]
[0.0, 14083, 14470]
[0.0, 14083, 14486]
[0.0, 14083, 14512]
[0.0, 14083, 14522]
[0.0, 14083, 14525]
[0.0, 14083, 14542]
[0.0, 14083, 14543]
[0.0, 14083, 14565]
[0.0, 14083, 14569]
[0.0, 14083, 14573]
[0.0, 14083, 14586]
[0.0, 14083, 14587]
[0.0, 14083, 14588]
[0.0, 14083, 14621]
[0.0, 14083, 14629]
[0.0, 14083, 14676]
[0.0, 14083, 14704]
[0.0, 14083, 14747]
[0.0, 14083, 14762]
[0.0, 14083, 14814]
[0.0, 14083, 14815]
[0.0, 14083, 14864]
[0.0, 14083, 14873]
[0.0, 14083, 14890]
[0.0, 14083, 14904]
[0.0, 14083, 14919]
[0.0, 14083, 14983]
[0.0, 14083, 14990]
[0.0, 14083, 14991]
[0.0, 14083, 14992]
[0.0, 14083, 14996]
[0.0, 14084, 14131]
[0.0, 14084, 14141]
[0.0, 14084, 14152]
[0.0, 14084, 14182]
[0.0, 14084, 14183]
[0.0, 14084, 14185]
[0.0, 14084, 14198]
[0.0, 14084, 14216]
[0.0, 14084, 14243]
[0.0, 14084, 14244]
[0.0, 14084, 14248]
[0.0, 14084, 14250]
[0.0, 14084, 14251]
[0.0, 14084, 14255]
[0.0, 14084, 14326]
[0.0, 14084, 14333]
[0.0, 14084, 14373]
[0.0, 14084, 14379]
[0.0, 14084, 14398]
[0.0, 14084, 14426]
[0.0, 14084, 14434]
[0.0, 14084, 14439]
[0.0, 14084, 14455]
[0.0, 14084, 14470]
[0.0, 14084, 14486]
[0.0, 14084, 14512]
[0.0, 14084, 14522]
[0.0, 14084, 14525]
[0.0, 14084, 14542]
[0.0, 14084, 14543]
[0.0, 14084, 14565]
[0.0, 14084, 14569]
[0.0, 14084, 14573]
[0.0, 14084, 14586]
[0.0, 14084, 14587]
[0.0, 14084, 14588]
[0.0, 14084, 14621]
[0.0, 14084, 14629]
[0.0, 14084, 14676]
[0.0, 14084, 14704]
[0.0, 14084, 14747]
[0.0, 14084, 14762]
[0.0, 14084, 14814]
[0.0, 14084, 14815]
[0.0, 14084, 14864]
[0.0, 14084, 14873]
[0.0, 14084, 14890]
[0.0, 14084, 14904]
[0.0, 14084, 14919]
[0.0, 14084, 14983]
[0.0, 14084, 14990]
[0.0, 14084, 14991]
[0.0, 14084, 14992]
[0.0, 14084, 14996]
[0.0, 14109, 14110]
[0.0, 14109, 14111]
[0.0, 14109, 14112]
[0.0, 14110, 14111]
[0.0, 14110, 14112]
[0.0, 14111, 14112]
[0.0, 14121, 14122]
[0.0, 14131, 14141]
[0.0, 14131, 14152]
[0.0, 14131, 14182]
[0.0, 14131, 14183]
[0.0, 14131, 14185]
[0.0, 14131, 14198]
[0.0, 14131, 14216]
[0.0, 14131, 14243]
[0.0, 14131, 14244]
[0.0, 14131, 14248]
[0.0, 14131, 14250]
[0.0, 14131, 14251]
[0.0, 14131, 14255]
[0.0, 14131, 14326]
[0.0, 14131, 14333]
[0.0, 14131, 14373]
[0.0, 14131, 14379]
[0.0, 14131, 14398]
[0.0, 14131, 14426]
[0.0, 14131, 14434]
[0.0, 14131, 14439]
[0.0, 14131, 14455]
[0.0, 14131, 14470]
[0.0, 14131, 14486]
[0.0, 14131, 14512]
[0.0, 14131, 14522]
[0.0, 14131, 14525]
[0.0, 14131, 14542]
[0.0, 14131, 14543]
[0.0, 14131, 14565]
[0.0, 14131, 14569]
[0.0, 14131, 14573]
[0.0, 14131, 14586]
[0.0, 14131, 14587]
[0.0, 14131, 14588]
[0.0, 14131, 14621]
[0.0, 14131, 14629]
[0.0, 14131, 14676]
[0.0, 14131, 14704]
[0.0, 14131, 14747]
[0.0, 14131, 14762]
[0.0, 14131, 14814]
[0.0, 14131, 14815]
[0.0, 14131, 14864]
[0.0, 14131, 14873]
[0.0, 14131, 14890]
[0.0, 14131, 14904]
[0.0, 14131, 14919]
[0.0, 14131, 14983]
[0.0, 14131, 14990]
[0.0, 14131, 14991]
[0.0, 14131, 14992]
[0.0, 14131, 14996]
[0.0, 14141, 14152]
[0.0, 14141, 14182]
[0.0, 14141, 14183]
[0.0, 14141, 14185]
[0.0, 14141, 14198]
[0.0, 14141, 14216]
[0.0, 14141, 14243]
[0.0, 14141, 14244]
[0.0, 14141, 14248]
[0.0, 14141, 14250]
[0.0, 14141, 14251]
[0.0, 14141, 14255]
[0.0, 14141, 14326]
[0.0, 14141, 14333]
[0.0, 14141, 14373]
[0.0, 14141, 14379]
[0.0, 14141, 14398]
[0.0, 14141, 14426]
[0.0, 14141, 14434]
[0.0, 14141, 14439]
[0.0, 14141, 14455]
[0.0, 14141, 14470]
[0.0, 14141, 14486]
[0.0, 14141, 14512]
[0.0, 14141, 14522]
[0.0, 14141, 14525]
[0.0, 14141, 14542]
[0.0, 14141, 14543]
[0.0, 14141, 14565]
[0.0, 14141, 14569]
[0.0, 14141, 14573]
[0.0, 14141, 14586]
[0.0, 14141, 14587]
[0.0, 14141, 14588]
[0.0, 14141, 14621]
[0.0, 14141, 14629]
[0.0, 14141, 14676]
[0.0, 14141, 14704]
[0.0, 14141, 14747]
[0.0, 14141, 14762]
[0.0, 14141, 14814]
[0.0, 14141, 14815]
[0.0, 14141, 14864]
[0.0, 14141, 14873]
[0.0, 14141, 14890]
[0.0, 14141, 14904]
[0.0, 14141, 14919]
[0.0, 14141, 14983]
[0.0, 14141, 14990]
[0.0, 14141, 14991]
[0.0, 14141, 14992]
[0.0, 14141, 14996]
[0.0, 14144, 14145]
[0.0, 14144, 14146]
[0.0, 14144, 14147]
[0.0, 14144, 14148]
[0.0, 14144, 14149]
[0.0, 14144, 14150]
[0.0, 14144, 14151]
[0.0, 14145, 14146]
[0.0, 14145, 14147]
[0.0, 14145, 14148]
[0.0, 14145, 14149]
[0.0, 14145, 14150]
[0.0, 14145, 14151]
[0.0, 14146, 14147]
[0.0, 14146, 14148]
[0.0, 14146, 14149]
[0.0, 14146, 14150]
[0.0, 14146, 14151]
[0.0, 14147, 14148]
[0.0, 14147, 14149]
[0.0, 14147, 14150]
[0.0, 14147, 14151]
[0.0, 14148, 14149]
[0.0, 14148, 14150]
[0.0, 14148, 14151]
[0.0, 14149, 14150]
[0.0, 14149, 14151]
[0.0, 14150, 14151]
[0.0, 14152, 14182]
[0.0, 14152, 14183]
[0.0, 14152, 14185]
[0.0, 14152, 14198]
[0.0, 14152, 14216]
[0.0, 14152, 14243]
[0.0, 14152, 14244]
[0.0, 14152, 14248]
[0.0, 14152, 14250]
[0.0, 14152, 14251]
[0.0, 14152, 14255]
[0.0, 14152, 14326]
[0.0, 14152, 14333]
[0.0, 14152, 14373]
[0.0, 14152, 14379]
[0.0, 14152, 14398]
[0.0, 14152, 14426]
[0.0, 14152, 14434]
[0.0, 14152, 14439]
[0.0, 14152, 14455]
[0.0, 14152, 14470]
[0.0, 14152, 14486]
[0.0, 14152, 14512]
[0.0, 14152, 14522]
[0.0, 14152, 14525]
[0.0, 14152, 14542]
[0.0, 14152, 14543]
[0.0, 14152, 14565]
[0.0, 14152, 14569]
[0.0, 14152, 14573]
[0.0, 14152, 14586]
[0.0, 14152, 14587]
[0.0, 14152, 14588]
[0.0, 14152, 14621]
[0.0, 14152, 14629]
[0.0, 14152, 14676]
[0.0, 14152, 14704]
[0.0, 14152, 14747]
[0.0, 14152, 14762]
[0.0, 14152, 14814]
[0.0, 14152, 14815]
[0.0, 14152, 14864]
[0.0, 14152, 14873]
[0.0, 14152, 14890]
[0.0, 14152, 14904]
[0.0, 14152, 14919]
[0.0, 14152, 14983]
[0.0, 14152, 14990]
[0.0, 14152, 14991]
[0.0, 14152, 14992]
[0.0, 14152, 14996]
[0.0, 14160, 14161]
[0.0, 14162, 14163]
[0.0, 14164, 14165]
[0.0, 14168, 14169]
[0.0, 14171, 14172]
[0.0, 14182, 14183]
[0.0, 14182, 14185]
[0.0, 14182, 14198]
[0.0, 14182, 14216]
[0.0, 14182, 14243]
[0.0, 14182, 14244]
[0.0, 14182, 14248]
[0.0, 14182, 14250]
[0.0, 14182, 14251]
[0.0, 14182, 14255]
[0.0, 14182, 14326]
[0.0, 14182, 14333]
[0.0, 14182, 14373]
[0.0, 14182, 14379]
[0.0, 14182, 14398]
[0.0, 14182, 14426]
[0.0, 14182, 14434]
[0.0, 14182, 14439]
[0.0, 14182, 14455]
[0.0, 14182, 14470]
[0.0, 14182, 14486]
[0.0, 14182, 14512]
[0.0, 14182, 14522]
[0.0, 14182, 14525]
[0.0, 14182, 14542]
[0.0, 14182, 14543]
[0.0, 14182, 14565]
[0.0, 14182, 14569]
[0.0, 14182, 14573]
[0.0, 14182, 14586]
[0.0, 14182, 14587]
[0.0, 14182, 14588]
[0.0, 14182, 14621]
[0.0, 14182, 14629]
[0.0, 14182, 14676]
[0.0, 14182, 14704]
[0.0, 14182, 14747]
[0.0, 14182, 14762]
[0.0, 14182, 14814]
[0.0, 14182, 14815]
[0.0, 14182, 14864]
[0.0, 14182, 14873]
[0.0, 14182, 14890]
[0.0, 14182, 14904]
[0.0, 14182, 14919]
[0.0, 14182, 14983]
[0.0, 14182, 14990]
[0.0, 14182, 14991]
[0.0, 14182, 14992]
[0.0, 14182, 14996]
[0.0, 14183, 14185]
