[0.0, 3849, 3850]
[0.0, 4503, 4504]
[0.0, 5213, 5214]
[0.0, 6831, 8737]
[0.0, 6831, 9785]
[0.0, 6900, 6901]
[0.0, 7572, 7573]
[0.0, 7648, 7649]
[0.0, 7679, 7680]
[0.0, 8292, 8293]
[0.0, 8354, 8355]
[0.0, 8491, 8492]
[0.0, 8509, 8510]
[0.0, 8600, 8601]
[0.0, 8724, 8725]
[0.0, 8737, 9785]
[0.0, 8761, 8762]
[0.0, 8788, 8789]
[0.0, 8871, 8872]
[0.0, 8871, 8873]
[0.0, 8872, 8873]
[0.0, 9094, 9095]
[0.0, 9206, 9207]
[0.0, 9346, 9347]
[0.0, 9446, 9447]
[0.0, 9493, 9494]
[0.0, 9570, 9571]
[0.0, 9800, 9801]
[0.0, 9800, 9802]
[0.0, 9801, 9802]
[0.0, 9872, 9873]
[1.6166107e-10, 6831, 7584]
[1.6166107e-10, 7584, 8737]
[1.6166107e-10, 7584, 9785]
[3.876829e-09, 7584, 9648]
[3.891588e-09, 6831, 9648]
[3.891588e-09, 8737, 9648]
[3.891588e-09, 9648, 9785]
[5.7980446e-07, 7584, 10000]
[5.7994527e-07, 6831, 10000]
[5.7994527e-07, 8737, 10000]
[5.7994527e-07, 9785, 10000]
[5.814757e-07, 9648, 10000]
[1.5190183e-06, 9883, 10000]
[2.0322536e-06, 7584, 9883]
[2.0323832e-06, 9648, 9883]
[2.0324142e-06, 6831, 9883]
[2.0324142e-06, 8737, 9883]
[2.0324142e-06, 9785, 9883]
[9.268945e-06, 6831, 9843]
