,model_type,epochs,sent_comb_method,vocab_size,embed_dim,optimizer,learning_rate,regularization,train_acc,val_acc,train_loss,val_loss
0,NN,10,product,10000,100,Adam,0.01,0,97.34,64.8,0.5840396285057068,0.6559861302375793
1,NN,10,product,15000,100,Adam,0.01,0,98.27,61.9,0.584388017654419,0.7663489580154419
2,LG,10,product,10000,100,Adam,0.01,0,99.106,62.2,2.9477972984313965,3.3849992752075195
3,LG,10,product,15000,100,Adam,0.01,0,99.295,62.6,2.9548068046569824,3.2982733249664307
4,NN,10,concat,10000,100,Adam,0.01,0,91.102,66.7,0.6521560549736023,1.0093783140182495
5,NN,10,concat,15000,100,Adam,0.01,0,90.94,61.7,0.7199424505233765,0.7731329798698425
6,LG,10,concat,10000,100,Adam,0.01,0,71.696,59.9,3.3772873878479004,3.4322218894958496
7,LG,10,concat,15000,100,Adam,0.01,0,73.753,60.3,3.2575154304504395,3.4394943714141846
8,NN,10,product,10000,200,Adam,0.01,0,98.729,62.7,0.5754424929618835,0.6821554899215698
9,NN,10,product,15000,200,Adam,0.01,0,98.963,61.5,0.5702837705612183,1.002020001411438
10,LG,10,product,10000,200,Adam,0.01,0,99.25,60.4,2.949742555618286,3.2767837047576904
11,LG,10,product,15000,200,Adam,0.01,0,99.422,63.1,2.9563913345336914,3.3239688873291016
12,NN,10,concat,10000,200,Adam,0.01,0,86.818,61.9,0.7938010692596436,1.0245580673217773
13,NN,10,concat,15000,200,Adam,0.01,0,88.543,63.0,0.7031581997871399,0.87389075756073
14,LG,10,concat,10000,200,Adam,0.01,0,70.297,61.2,3.399898052215576,3.3072948455810547
15,LG,10,concat,15000,200,Adam,0.01,0,72.633,59.8,3.29280948638916,3.358293294906616
16,NN,10,product,10000,100,Adam,0.01,1e-05,81.222,66.7,0.8270806670188904,1.016527771949768
17,NN,10,product,15000,100,Adam,0.01,1e-05,82.543,66.9,0.8167245984077454,1.0564337968826294
18,LG,10,product,10000,100,Adam,0.01,1e-05,81.675,64.7,3.3003315925598145,3.5258359909057617
19,LG,10,product,15000,100,Adam,0.01,1e-05,81.752,66.5,3.334355592727661,3.3050074577331543
20,NN,10,concat,10000,100,Adam,0.01,1e-05,75.856,70.0,0.844871461391449,0.9973270893096924
21,NN,10,concat,15000,100,Adam,0.01,1e-05,76.151,67.1,0.8620271682739258,0.9376917481422424
22,LG,10,concat,10000,100,Adam,0.01,1e-05,66.698,62.2,3.3929147720336914,3.3201916217803955
23,LG,10,concat,15000,100,Adam,0.01,1e-05,66.783,62.4,3.352863311767578,3.504542350769043
24,NN,10,product,10000,200,Adam,0.01,1e-05,83.376,68.1,0.8456910252571106,0.8771515488624573
25,NN,10,product,15000,200,Adam,0.01,1e-05,83.245,68.2,0.7285963892936707,0.79160076379776
26,LG,10,product,10000,200,Adam,0.01,1e-05,81.626,66.1,3.261423110961914,3.2706491947174072
27,LG,10,product,15000,200,Adam,0.01,1e-05,81.902,67.6,3.215102434158325,3.3221988677978516
28,NN,10,concat,10000,200,Adam,0.01,1e-05,74.578,66.7,0.8524147272109985,0.9332292079925537
29,NN,10,concat,15000,200,Adam,0.01,1e-05,73.9,65.6,0.8944329619407654,0.8982475399971008
30,LG,10,concat,10000,200,Adam,0.01,1e-05,67.084,61.5,3.4157910346984863,3.449479103088379
31,LG,10,concat,15000,200,Adam,0.01,1e-05,67.357,61.7,3.3888626098632812,3.3733646869659424
